7 0 0.547046
18 0 0.295404
35 0 0.157551
2 1 0.248634
3 1 0.0399027
5 1 0.0652962
7 1 0.309601
11 1 0.0239426
15 1 0.0828796
19 1 0.154923
20 1 0.0748206
1 2 0.201969
3 2 0.0328213
7 2 0.2735
10 2 0.0328213
15 2 0.100985
19 2 0.17697
22 2 0.0631172
23 2 0.054699
59 2 0.0631172
1 3 0.496894
2 3 0.503106
87 4 0.176885
117 4 0.231964
163 4 0.089741
305 4 0.089741
368 4 0.0651953
446 4 0.208632
607 4 0.0651953
656 4 0.0726471
1 5 0.36811
7 5 0.451922
27 5 0.112481
47 5 0.0674873
8 6 0.383561
15 6 0.319634
17 6 0.136989
25 6 0.159817
0 7 0.0225852
1 7 0.11218
2 7 0.12199
5 7 0.0290405
8 7 0.119601
10 7 0.0156385
16 7 0.00521848
17 7 0.0225852
18 7 0.0156385
19 7 0.139781
20 7 0.0627573
22 7 0.0627573
25 7 0.0186883
26 7 0.00521848
29 7 0.00521848
31 7 0.0401552
32 7 0.0627573
33 7 0.031277
36 7 0.031277
38 7 0.0100473
39 7 0.0100473
41 7 0.0100473
43 7 0.00521848
44 7 0.0350553
45 7 0.00521848
6 8 0.0469828
7 8 0.215901
15 8 0.0621833
19 8 0.0880883
31 8 0.0469828
33 8 0.0377511
48 8 0.0741774
54 8 0.123042
57 8 0.0391535
58 8 0.104402
87 8 0.144556
116 8 0.0167791
22 9 1
2 10 0.483471
7 10 0.516529
1 11 0.489794
49 11 0.510206
15 12 0.0398657
27 12 0.0162433
32 12 0.0348021
40 12 0.00859528
63 12 0.0162433
70 12 0.00859528
77 12 0.115399
94 12 0.0292357
95 12 0.0649733
126 12 0.00859528
162 12 0.056226
165 12 0.140764
189 12 0.0292357
195 12 0.0398657
206 12 0.069768
229 12 0.321592
19 13 0.113526
46 13 0.0980431
54 13 0.179748
55 13 0.0754147
62 13 0.0915095
87 13 0.204612
97 13 0.133339
109 13 0.103808
19 14 1
1 15 0.167513
2 15 0.251273
6 15 0.120981
8 15 0.192148
12 15 0.131979
59 15 0.136106
7 16 1
6 17 0.199777
7 17 0.485573
33 17 0.31465
0 18 0.438202
7 18 0.561798
1 19 0.123537
2 19 0.173726
7 19 0.307645
8 19 0.107395
13 19 0.055264
14 19 0.0109373
23 19 0.056253
24 19 0.0684826
32 19 0.0656309
65 19 0.0201925
78 19 0.0109373
1 20 0.174233
7 20 0.403314
32 20 0.145192
36 20 0.112006
272 20 0.165255
35 21 0.0137375
39 21 0.0137375
66 21 0.0194549
69 21 0.0333587
87 21 0.0602558
97 21 0.132305
103 21 0.107011
122 21 0.141508
157 21 0.0406083
206 21 0.0371411
305 21 0.0437779
407 21 0.0985002
535 21 0.14198
554 21 0.0371411
616 21 0.0794831
2 22 0.207852
7 22 0.463321
9 22 0.033361
32 22 0.166795
36 22 0.12867
2 23 0.274509
19 23 0.287583
31 23 0.209149
44 23 0.228758
19 24 0.0925365
52 24 0.0879509
54 24 0.145114
74 24 0.0621902
87 24 0.238138
89 24 0.112864
99 24 0.0276414
111 24 0.0446488
123 24 0.0906906
145 24 0.0446488
149 24 0.0148829
150 24 0.0386933
6 25 0.263794
7 25 0.454823
30 25 0.175866
51 25 0.105518
7 26 1
5 27 0.428572
12 27 0.571428
49 28 0.625002
63 28 0.374998
7 29 1
25 30 0.57143
86 30 0.42857
7 31 0.346947
8 31 0.224821
23 31 0.160586
44 31 0.267646
7 32 0.396143
12 32 0.130388
19 32 0.188248
20 32 0.142611
22 32 0.142611
7 33 0.46804
8 33 0.312917
17 33 0.219043
42 34 0.0150799
97 34 0.144193
105 34 0.0452342
147 34 0.175622
194 34 0.0939534
211 34 0.0955005
256 34 0.175622
272 34 0.254795
0 35 0.404763
21 35 0.595237
7 36 0.472971
20 36 0.263514
22 36 0.263514
198 37 1
7 38 0.526315
49 38 0.473685
7 39 0.51205
21 39 0.48795
12 40 1
7 41 0.526315
49 41 0.473685
34 42 1
7 43 1
7 44 0.312468
23 44 0.181232
31 44 0.276161
49 44 0.161097
68 44 0.0690432
7 45 1
13 46 0.124874
49 46 0.220367
53 46 0.112386
59 46 0.227041
66 46 0.0681112
81 46 0.0832459
90 46 0.136222
96 46 0.027752
5 47 1
8 48 0.141429
65 48 0.0298575
87 48 0.284357
89 48 0.111966
120 48 0.145555
160 48 0.0639787
189 48 0.0814274
192 48 0.141429
11 49 0.0693566
28 49 0.0693566
38 49 0.0693566
41 49 0.0693566
44 49 0.138734
46 49 0.293782
75 49 0.0693566
81 49 0.113513
85 49 0.0378309
86 49 0.0693566
201 50 0.0366349
206 50 0.0860413
211 50 0.0924474
213 50 0.0544969
229 50 0.171263
230 50 0.0544969
252 50 0.011122
310 50 0.0934189
341 50 0.0366349
414 50 0.133454
419 50 0.0366349
481 50 0.112627
495 50 0.0807282
25 51 1
24 52 0.0656362
58 52 0.262545
104 52 0.12741
113 52 0.0902505
116 52 0.0200537
122 52 0.222841
124 52 0.103144
128 52 0.0200537
165 52 0.0680128
166 52 0.0200537
46 53 0.449196
59 53 0.40107
68 53 0.149734
8 54 0.152239
13 54 0.0888057
24 54 0.10899
58 54 0.170512
60 54 0.0416297
87 54 0.222018
104 54 0.0946523
134 54 0.0285444
136 54 0.0285444
139 54 0.0285444
140 54 0.0355193
13 55 0.289234
73 55 0.289234
90 55 0.208897
99 55 0.134295
100 55 0.0783394
58 56 0.0931818
60 56 0.0186343
92 56 0.0155286
93 56 0.00202435
97 56 0.0815328
103 56 0.0759261
107 56 0.0798672
113 56 0.0670907
120 56 0.0473186
121 56 0.0155286
122 56 0.137031
124 56 0.0215043
142 56 0.0225446
155 56 0.0310623
157 56 0.0266241
159 56 0.0111826
162 56 0.0716775
169 56 0.129666
170 56 0.0349419
175 56 0.00607819
178 56 0.0071698
180 56 0.00388471
8 57 0.201181
94 57 0.120707
103 57 0.195269
104 57 0.181064
124 57 0.15089
160 57 0.15089
8 58 0.0462002
52 58 0.0945018
54 58 0.0609868
56 58 0.190584
62 58 0.0210903
73 58 0.0231029
92 58 0.0308039
104 58 0.0708777
105 58 0.0138606
113 58 0.0542394
122 58 0.184807
124 58 0.0547107
137 58 0.00770097
144 58 0.00407502
162 58 0.0577545
169 58 0.0847051
2 59 0.216983
15 59 0.188054
46 59 0.303927
53 59 0.134323
90 59 0.156712
54 60 0.136382
56 60 0.349139
120 60 0.227545
150 60 0.0743904
162 60 0.212543
113 61 1
13 62 0.167781
58 62 0.218848
77 62 0.145198
134 62 0.0943724
150 62 0.0943724
155 62 0.185056
210 62 0.0943724
12 63 0.64
28 63 0.36
203 64 0.524436
395 64 0.475564
19 65 0.514018
48 65 0.485982
21 66 0.460251
46 66 0.401672
82 66 0.138077
203 67 0.416971
265 67 0.390974
300 67 0.192056
44 68 0.54348
53 68 0.45652
21 69 0.178858
98 69 0.0357717
109 69 0.150238
201 69 0.100156
215 69 0.276754
257 69 0.258222
12 70 1
163 71 0.397634
229 71 0.312424
495 71 0.289942
97 72 0.341627
307 72 0.267938
430 72 0.390435
55 73 0.102134
58 73 0.177043
120 73 0.25892
125 73 0.0885162
129 73 0.159335
136 73 0.0724233
171 73 0.0531118
186 73 0.0885162
24 74 0.493151
94 74 0.219177
111 74 0.287672
49 75 0.625002
80 75 0.374998
559 76 1
12 77 0.269969
62 77 0.0690513
95 77 0.128235
165 77 0.196124
228 77 0.042745
229 77 0.293875
19 78 1
80 79 1
75 80 0.600002
79 80 0.399998
46 81 0.494383
49 81 0.505617
66 82 1
89 83 0.509092
195 83 0.490908
151 84 1
49 85 1
30 86 0.374998
49 86 0.625002
4 87 0.0615771
8 87 0.108935
13 87 0.0615771
21 87 0.0571019
24 87 0.108935
48 87 0.1124
54 87 0.13523
88 87 0.00693946
89 87 0.0786756
95 87 0.0236036
106 87 0.00693946
110 87 0.0295045
114 87 0.0372654
115 87 0.00693946
117 87 0.0821878
120 87 0.0821878
87 88 1
24 89 0.178558
48 89 0.153053
83 89 0.0396788
87 89 0.272089
107 89 0.112774
161 89 0.0824136
169 89 0.161434
46 90 0.322374
55 90 0.164175
59 90 0.277042
414 90 0.236409
97 91 1
56 92 0.325678
58 92 0.315808
122 92 0.322985
141 92 0.0355284
56 93 1
12 94 0.30849
57 94 0.231367
74 94 0.165266
117 94 0.294878
12 95 0.29811
77 95 0.25153
87 95 0.134149
229 95 0.31621
46 96 1
13 97 0.0193603
21 97 0.0604978
34 97 0.0302463
56 97 0.137008
72 97 0.00907595
91 97 0.00336299
103 97 0.0831799
104 97 0.0453746
107 97 0.0537769
108 97 0.0537769
117 97 0.0728184
122 97 0.181488
136 97 0.00907595
137 97 0.00636602
162 97 0.0483982
169 97 0.151622
194 97 0.0345709
69 98 1
24 99 0.545452
55 99 0.454548
55 100 1
108 101 0.562498
159 101 0.437502
194 102 1
21 103 0.0874263
56 103 0.227958
57 103 0.0246849
97 103 0.148625
113 103 0.0699426
122 103 0.155426
155 103 0.052455
161 103 0.0246849
166 103 0.0107595
169 103 0.123098
170 103 0.0749396
52 104 0.109718
54 104 0.0809874
57 104 0.0373042
58 104 0.169562
97 104 0.13212
117 104 0.121238
122 104 0.272007
127 104 0.0490843
168 104 0.0279792
34 105 0.241635
58 105 0.289964
177 105 0.217473
188 105 0.250928
87 106 1
56 107 0.235477
89 107 0.0276022
97 107 0.094351
108 107 0.165622
113 107 0.0936542
120 107 0.110683
121 107 0.0428149
140 107 0.0187326
157 107 0.0666004
170 107 0.0561934
182 107 0.0172896
188 107 0.070979
97 108 0.117851
101 108 0.0133696
107 108 0.206873
120 108 0.0760402
121 108 0.0534786
122 108 0.12478
182 108 0.0215958
188 108 0.0886574
211 108 0.0889045
213 108 0.0545904
223 108 0.0852322
229 108 0.0686282
13 109 0.0697777
69 109 0.059309
120 109 0.0876124
122 109 0.102258
129 109 0.133444
169 109 0.268108
222 109 0.0876124
305 109 0.117744
327 109 0.0741346
87 110 0.470589
114 110 0.352943
134 110 0.176469
24 111 0.551723
74 111 0.448277
325 112 0.0253493
412 112 0.0270445
430 112 0.224861
478 112 0.0160974
514 112 0.0270445
545 112 0.0591531
550 112 0.0292497
561 112 0.0545775
569 112 0.0312969
633 112 0.0126782
636 112 0.0292497
665 112 0.0456775
689 112 0.104012
706 112 0.0965772
708 112 0.12911
714 112 0.0192077
737 112 0.0688144
52 113 0.071943
56 113 0.303879
58 113 0.120111
61 113 0.00863208
103 113 0.105512
107 113 0.143882
120 113 0.112229
170 113 0.107913
175 113 0.0259001
87 114 0.354743
110 114 0.210628
122 114 0.234033
127 114 0.200596
87 115 1
8 116 0.507039
52 116 0.492961
4 117 0.0716942
87 117 0.0729781
94 117 0.0200334
97 117 0.134014
104 117 0.0766251
122 117 0.109857
169 117 0.184844
177 117 0.0268846
211 117 0.0782742
297 117 0.0319262
446 117 0.0928787
470 117 0.050554
605 117 0.0494361
222 118 0.634145
237 118 0.365855
158 119 0.0239441
258 119 0.283638
310 119 0.0957763
316 119 0.274261
349 119 0.137133
363 119 0.185247
48 120 0.0710936
56 120 0.203646
60 120 0.0522708
73 120 0.0710936
87 120 0.101561
107 120 0.161572
108 120 0.0888612
109 120 0.0484739
113 120 0.106636
125 120 0.0253922
183 120 0.00846407
184 120 0.0253922
185 120 0.0355429
56 121 0.258943
107 121 0.242127
108 121 0.242127
122 121 0.256802
21 122 0.0503601
52 122 0.0512907
56 122 0.179221
58 122 0.118175
92 122 0.0201418
97 122 0.141259
103 122 0.0677044
104 122 0.0727066
108 122 0.0443164
109 122 0.0171892
114 122 0.00923443
117 122 0.0464602
121 122 0.0201418
123 122 0.0173111
124 122 0.0453246
162 122 0.0512907
168 122 0.00791602
170 122 0.0276978
171 122 0.00503545
173 122 0.00722358
24 123 0.277044
122 123 0.307827
124 123 0.221635
145 123 0.123131
167 123 0.0703631
52 124 0.155222
56 124 0.183878
57 124 0.0543288
58 124 0.228747
122 124 0.296333
123 124 0.0814916
73 125 0.489082
120 125 0.510918
12 126 1
104 127 0.0520464
114 127 0.0313904
129 127 0.0941768
142 127 0.0867439
161 127 0.0659232
169 127 0.302148
170 127 0.041202
190 127 0.0775586
194 127 0.0941768
204 127 0.154634
52 128 0.526318
177 128 0.473682
73 129 0.0372194
109 129 0.0628046
127 129 0.0664612
130 129 0.00715693
169 129 0.294428
196 129 0.0342774
223 129 0.117168
228 129 0.0186069
232 129 0.160422
236 129 0.127937
276 129 0.0299062
277 129 0.0436115
129 130 1
203 131 0.103695
272 131 0.087245
360 131 0.0102133
384 131 0.011489
391 131 0.0227464
398 131 0.0808111
409 131 0.0235387
415 131 0.118519
441 131 0.0153181
447 131 0.0804232
452 131 0.0474157
454 131 0.033423
455 131 0.0311325
460 131 0.0184872
481 131 0.0459561
487 131 0.00739526
503 131 0.0633165
505 131 0.0405499
522 131 0.0227464
535 131 0.0674029
559 131 0.0189229
561 131 0.033241
607 131 0.00264156
616 131 0.0133696
142 132 0.152482
169 132 0.167732
186 132 0.0731909
204 132 0.181071
223 132 0.135246
238 132 0.0633394
239 132 0.0831705
258 132 0.143769
169 133 0.361237
246 133 0.226594
288 133 0.216595
330 133 0.0539529
350 133 0.141621
54 134 0.395684
62 134 0.35252
110 134 0.251796
689 135 0.365101
821 135 0.235569
831 135 0.205369
833 135 0.0912764
854 135 0.102685
54 136 0.332508
73 136 0.307777
97 136 0.359715
58 137 0.49836
97 137 0.50164
230 138 0.0621508
238 138 0.066589
323 138 0.043699
430 138 0.222171
436 138 0.036321
446 138 0.168224
452 138 0.13116
454 138 0.0887864
455 138 0.110981
457 138 0.0699184
54 139 0.229255
229 139 0.412655
327 139 0.358091
54 140 0.289748
107 140 0.29633
155 140 0.282217
219 140 0.131705
92 141 1
56 142 0.120824
127 142 0.0896105
132 142 0.151339
162 142 0.126113
186 142 0.0523872
204 142 0.258787
206 142 0.0467348
216 142 0.0189153
239 142 0.0608035
253 142 0.0744863
355 143 1
58 144 1
24 145 0.525546
123 145 0.474454
556 146 0.533333
716 146 0.466667
34 147 0.0882931
162 147 0.0446728
198 147 0.139379
238 147 0.125082
253 147 0.0364844
256 147 0.171989
266 147 0.0527684
272 147 0.261541
304 147 0.00781697
308 147 0.0324753
313 147 0.0394976
327 148 1
24 149 1
24 150 0.376467
60 150 0.294119
62 150 0.329413
84 151 0.0146326
155 151 0.121953
156 151 0.0439043
188 151 0.164633
192 151 0.0836203
204 151 0.213884
213 151 0.146339
214 151 0.121953
215 151 0.0890796
215 152 0.538462
247 152 0.461538
224 153 0.391304
226 153 0.347827
305 153 0.260869
187 154 0.0276611
198 154 0.38526
224 154 0.149363
272 154 0.238565
336 154 0.19915
56 155 0.239668
62 155 0.0672849
103 155 0.134815
140 155 0.0466868
151 155 0.122559
162 155 0.129014
188 155 0.122559
195 155 0.0612795
207 155 0.0148542
209 155 0.0612795
151 156 0.519231
214 156 0.480769
21 157 0.0504626
56 157 0.121594
107 157 0.103169
169 157 0.218867
188 157 0.0652881
203 157 0.139533
272 157 0.183472
321 157 0.117614
119 158 1
56 159 0.27424
101 159 0.0692539
165 159 0.253207
169 159 0.403299
48 160 0.106664
57 160 0.0933307
165 160 0.202212
229 160 0.332954
326 160 0.0848471
327 160 0.179992
89 161 0.145208
103 161 0.174494
127 161 0.269665
172 161 0.12258
194 161 0.220639
233 161 0.0674142
12 162 0.049141
56 162 0.270267
58 162 0.106471
60 162 0.0427768
97 162 0.108599
122 162 0.147874
142 162 0.0887237
147 162 0.0418265
155 162 0.0630432
204 162 0.0812775
4 163 0.0596135
71 163 0.0760018
229 163 0.152933
373 163 0.0230291
379 163 0.100764
380 163 0.110004
398 163 0.225195
465 163 0.131545
495 163 0.120914
169 164 0.264719
336 164 0.368998
350 164 0.366283
12 165 0.126936
52 165 0.0465655
77 165 0.075602
159 165 0.040161
160 165 0.0535479
169 165 0.135937
174 165 0.0252007
177 165 0.0535479
193 165 0.0076507
214 165 0.0472478
223 165 0.0606904
229 165 0.301712
247 165 0.0252007
52 166 0.496186
103 166 0.503814
123 167 0.588237
216 167 0.411763
104 168 0.485861
122 168 0.514139
56 169 0.0274498
58 169 0.0087691
89 169 0.00284166
97 169 0.0191006
103 169 0.00868122
109 169 0.00729457
117 169 0.0126556
127 169 0.0123334
129 169 0.0170207
132 169 0.00657194
133 169 0.0042869
157 169 0.010146
159 169 0.00348616
164 169 0.001289
165 169 0.00740198
190 169 0.00833944
191 169 0.000439432
192 169 0.0118354
194 169 0.00506811
198 169 0.0562961
201 169 0.002578
202 169 0.000869098
203 169 0.072018
204 169 0.0365119
208 169 0.0042869
211 169 0.0171378
213 169 0.0043162
215 169 0.0163566
225 169 0.002578
232 169 0.0379376
243 169 0.00132806
246 169 0.0319906
257 169 0.0158195
258 169 0.0453201
259 169 0.0484254
262 169 0.00506811
263 169 0.000869098
270 169 0.00583956
271 169 0.00196279
272 169 0.161818
274 169 0.0158977
276 169 0.00196279
277 169 0.0042869
279 169 0.0120111
284 169 0.0406914
288 169 0.0181925
297 169 0.00348616
298 169 0.0215224
302 169 0.00168937
305 169 0.0092476
307 169 0.00506811
316 169 0.0350471
321 169 0.0245984
323 169 0.00284166
329 169 0.001289
333 169 0.00168937
334 169 0.002578
340 169 0.00317367
348 169 0.000869098
355 169 0.0149797
359 169 0.000439432
360 169 0.00868122
362 169 0.000869098
363 169 0.0223915
364 169 0.000869098
366 169 0.001289
56 170 0.264909
103 170 0.189219
107 170 0.144495
113 170 0.180619
122 170 0.160552
127 170 0.0602054
73 171 0.468085
122 171 0.531915
161 172 0.196683
246 172 0.274732
262 172 0.196683
266 172 0.196683
317 172 0.13522
122 173 0.486816
177 173 0.373222
197 173 0.139962
165 174 0.325909
199 174 0.0852384
204 174 0.352077
239 174 0.236775
56 175 0.515224
113 175 0.484776
388 176 1
105 177 0.0986782
117 177 0.168796
128 177 0.0616729
165 177 0.267259
173 177 0.082233
229 177 0.321361
56 178 0.275696
272 178 0.31224
288 178 0.249154
333 178 0.16291
236 179 0.575161
263 179 0.261439
264 179 0.1634
56 180 0.540981
255 180 0.459019
355 181 1
107 182 0.5
108 182 0.5
120 183 1
120 184 0.553192
185 184 0.446808
120 185 0.565217
184 185 0.326086
251 185 0.108697
73 186 0.141978
132 186 0.340752
142 186 0.245733
223 186 0.271537
154 187 1
105 188 0.0402157
107 188 0.165086
108 188 0.165086
151 188 0.14703
155 188 0.108914
157 188 0.0980221
206 188 0.0914881
213 188 0.130692
220 188 0.0534661
12 189 0.176107
48 189 0.240145
192 189 0.377372
235 189 0.206376
127 190 0.0716478
169 190 0.188706
217 190 0.0270657
265 190 0.123424
272 190 0.192535
321 190 0.201237
398 190 0.186361
401 190 0.00902297
169 191 1
48 192 0.0557477
151 192 0.0378307
169 192 0.194195
189 192 0.0504409
235 192 0.0788126
270 192 0.0726902
279 192 0.0557477
332 192 0.0176522
343 192 0.110336
350 192 0.172703
355 192 0.141233
358 192 0.0126102
165 193 1
34 194 0.135398
97 194 0.237485
102 194 0.0209551
127 194 0.209546
161 194 0.120014
169 194 0.276601
12 195 0.164373
83 195 0.0565018
155 195 0.141258
232 195 0.27122
236 195 0.276244
244 195 0.0904043
129 196 0.0891358
212 196 0.0423376
246 196 0.153964
272 196 0.338128
284 196 0.166337
316 196 0.158775
334 196 0.0513228
173 197 1
37 198 0.000897677
147 198 0.015229
154 198 0.0108162
169 198 0.117007
203 198 0.0519204
205 198 0.0025072
211 198 0.0402789
224 198 0.00969177
232 198 0.0559111
238 198 0.0459075
246 198 0.0306061
255 198 0.0141329
258 198 0.0585034
259 198 0.0736442
265 198 0.0703307
268 198 0.00269303
272 198 0.112474
280 198 0.0442949
284 198 0.0507644
298 198 0.0366693
315 198 0.00514038
316 198 0.0685322
324 198 0.00269303
327 198 0.0132163
336 198 0.0366693
350 198 0.029469
174 199 1
204 200 1
50 201 0.17984
69 201 0.141106
169 201 0.337427
272 201 0.341627
169 202 0.744365
221 202 0.255635
64 203 0.00047492
67 203 0.00106486
131 203 0.0398525
157 203 0.00353964
169 203 0.0394035
198 203 0.0136688
208 203 0.00171416
229 203 0.0159024
230 203 0.00314635
236 203 0.0121995
238 203 0.0125
254 203 0.00353964
265 203 0.0109862
272 203 0.113291
305 203 0.00391809
342 203 0.000916447
346 203 0.00274563
355 203 0.00966537
360 203 0.00989541
363 203 0.0103295
369 203 0.0132829
373 203 0.00047492
379 203 0.0164738
386 203 0.00106486
387 203 0.00348769
391 203 0.017316
392 203 0.0215087
398 203 0.0763583
403 203 0.0108972
406 203 0.00202212
409 203 0.0184774
415 203 0.0631384
420 203 0.0137096
430 203 0.11637
432 203 0.0228036
436 203 0.00632608
446 203 0.0304431
447 203 0.0430396
451 203 0.00526865
452 203 0.0325728
454 203 0.0191489
455 203 0.017316
457 203 0.025757
460 203 0.00914592
470 203 0.00902719
487 203 0.00400343
490 203 0.00139508
507 203 0.00497553
525 203 0.00632608
530 203 0.00607007
535 203 0.0550165
542 203 0.00674535
554 203 0.00232266
559 203 0.00871924
564 203 0.00024117
127 204 0.0466654
132 204 0.0525009
142 204 0.0756031
151 204 0.0436131
162 204 0.0337497
169 204 0.270004
174 204 0.0109586
200 204 0.00314814
208 204 0.0205467
213 204 0.0367482
214 204 0.0205467
236 204 0.0519742
253 204 0.0367482
257 204 0.0358445
258 204 0.0911822
259 204 0.110251
260 204 0.0109586
261 204 0.006003
262 204 0.0429547
198 205 0.349181
305 205 0.292099
379 205 0.358721
12 206 0.167212
21 206 0.10451
50 206 0.157309
142 206 0.0901644
188 206 0.137948
220 206 0.07664
229 206 0.266217
155 207 1
169 208 0.349157
203 208 0.255208
204 208 0.226157
336 208 0.139057
354 208 0.0304204
155 209 0.0976374
232 209 0.260373
256 209 0.229127
257 209 0.161104
259 209 0.189271
260 209 0.0624874
62 210 0.211976
227 210 0.371643
236 210 0.416381
34 211 0.0183982
50 211 0.0252231
108 211 0.0372566
117 211 0.0390557
169 211 0.124942
198 211 0.141258
222 211 0.0538144
223 211 0.0799696
253 211 0.0260784
259 211 0.130392
265 211 0.104096
280 211 0.0538144
292 211 0.00310275
293 211 0.00310275
327 211 0.0558849
331 211 0.00310275
372 211 0.0133076
398 211 0.0704843
485 211 0.0167171
196 212 0.345933
215 212 0.406977
220 212 0.24709
50 213 0.0861659
108 213 0.132564
151 213 0.170443
169 213 0.18228
188 213 0.170443
204 213 0.209896
226 213 0.0482076
151 214 0.262055
156 214 0.0873515
165 214 0.200393
204 214 0.216479
229 214 0.233722
69 215 0.0295803
151 215 0.0244353
152 215 0.0124887
169 215 0.16269
212 215 0.0110199
223 215 0.0947864
232 215 0.178417
236 215 0.0808115
247 215 0.0312239
257 215 0.12021
258 215 0.128795
269 215 0.0487876
274 215 0.065735
285 215 0.0110199
142 216 0.625002
167 216 0.374998
190 217 0.208323
238 217 0.255672
535 217 0.292958
709 217 0.243047
229 218 0.33974
246 218 0.304734
266 218 0.228551
281 218 0.126975
140 219 0.526317
285 219 0.473683
188 220 0.424083
206 220 0.403143
212 220 0.172773
202 221 1
109 222 0.0367681
118 222 0.0119815
211 222 0.113839
232 222 0.149789
259 222 0.152207
265 222 0.182958
284 222 0.119832
302 222 0.0211472
322 222 0.0119815
352 222 0.0269598
367 222 0.0644756
403 222 0.0481479
452 222 0.0599132
108 223 0.030385
129 223 0.0420159
132 223 0.0328799
165 223 0.0204816
186 223 0.014178
211 223 0.0680337
215 223 0.0590825
232 223 0.141797
236 223 0.107044
239 223 0.0236314
246 223 0.0945297
253 223 0.0215784
257 223 0.0519915
259 223 0.105273
266 223 0.01233
272 223 0.102557
284 223 0.072212
153 224 0.107135
154 224 0.142847
198 224 0.330135
226 224 0.126973
280 224 0.206333
340 224 0.0865764
169 225 0.418567
226 225 0.145864
296 225 0.162073
340 225 0.273496
153 226 0.259843
213 226 0.220471
224 226 0.346457
225 226 0.173229
210 227 0.0364948
236 227 0.135349
272 227 0.253834
323 227 0.0892077
360 227 0.109031
385 227 0.135349
414 227 0.0892077
415 227 0.115032
473 227 0.0364948
77 228 0.338983
129 228 0.406781
231 228 0.254237
12 229 0.0628408
50 229 0.0255251
71 229 0.007572
77 229 0.0245434
95 229 0.0134624
108 229 0.0157078
139 229 0.007572
160 229 0.0191098
163 229 0.0194014
165 229 0.0653778
177 229 0.0139484
203 229 0.115718
206 229 0.0217051
214 229 0.0119364
218 229 0.0063667
280 229 0.0255251
300 229 0.0139484
327 229 0.0339914
335 229 0.0119364
357 229 0.0139484
385 229 0.0623062
392 229 0.0360035
394 229 0.0063667
395 229 0.0175449
409 229 0.11845
432 229 0.0514099
447 229 0.0803371
459 229 0.0114989
482 229 0.00774696
485 229 0.0103131
502 229 0.0308615
508 229 0.0114989
512 229 0.0255251
50 230 0.0588541
138 230 0.120728
203 230 0.166003
429 230 0.0848886
430 230 0.31082
454 230 0.181094
491 230 0.0776122
228 231 0.194442
277 231 0.416668
334 231 0.38889
129 232 0.0301838
169 232 0.123443
195 232 0.0105038
198 232 0.0875314
209 232 0.0145886
215 232 0.0583543
222 232 0.0316076
223 232 0.0744017
236 232 0.0713206
246 232 0.0622436
247 232 0.00761232
256 232 0.0221338
258 232 0.0607206
259 232 0.105312
265 232 0.0475179
269 232 0.0126862
272 232 0.101294
283 232 0.00583543
284 232 0.0713206
303 232 0.00138883
161 233 0.529411
260 233 0.470589
322 234 1
189 235 0.0987008
192 235 0.282001
318 235 0.131601
343 235 0.197402
350 235 0.290295
129 236 0.0430158
179 236 0.00688328
195 236 0.0191167
203 236 0.12964
204 236 0.0408644
210 236 0.0107571
215 236 0.0472366
223 236 0.100372
227 236 0.0356025
232 236 0.127457
246 236 0.0809716
259 236 0.11094
278 236 0.00249211
289 236 0.0407066
310 236 0.0152934
323 236 0.0215079
388 236 0.0122902
403 236 0.0491609
454 236 0.037205
463 236 0.0191167
490 236 0.0137666
507 236 0.0356025
118 237 0.384615
610 237 0.615385
132 238 0.0163124
138 238 0.029452
147 238 0.0431928
198 238 0.145085
203 238 0.15007
217 238 0.00963763
241 238 0.0119278
254 238 0.0254443
265 238 0.0915671
272 238 0.162571
316 238 0.0722918
319 238 0.0027911
336 238 0.0530118
348 238 0.0053007
371 238 0.0222286
419 238 0.00963763
430 238 0.139841
435 238 0.00963763
132 239 0.245269
142 239 0.180666
174 239 0.074944
223 239 0.286657
259 239 0.212464
340 240 0.34891
341 240 0.319002
343 240 0.257654
356 240 0.0744341
238 241 0.397929
244 241 0.168435
430 241 0.433636
395 242 0.194984
542 242 0.190589
607 242 0.126619
616 242 0.23457
670 242 0.126619
714 242 0.126619
169 243 0.509754
316 243 0.490246
195 244 0.237899
241 244 0.169931
432 244 0.339854
501 244 0.252316
265 245 0.496733
385 245 0.503267
133 246 0.0144958
169 246 0.1724
172 246 0.00920408
196 246 0.0184515
198 246 0.0793542
218 246 0.00773192
223 246 0.0821532
232 246 0.103091
236 246 0.075046
257 246 0.0442977
259 246 0.121778
272 246 0.158467
274 246 0.0368194
279 246 0.0281163
287 246 0.00429585
289 246 0.0442977
152 247 0.135776
165 247 0.173047
215 247 0.396014
232 247 0.295164
249 248 0.177589
250 248 0.177589
256 248 0.348839
266 248 0.295982
248 249 0.545455
250 249 0.454545
248 250 0.545455
249 250 0.454545
185 251 1
50 252 1
142 253 0.147573
147 253 0.096193
204 253 0.249231
211 253 0.179445
223 253 0.174519
262 253 0.11806
290 253 0.0349788
203 254 0.288047
238 254 0.172514
360 254 0.146426
613 254 0.0532429
629 254 0.0532429
637 254 0.0718809
664 254 0.134778
750 254 0.0798676
180 255 0.0296337
198 255 0.28894
259 255 0.215422
271 255 0.0400049
280 255 0.192626
289 255 0.183366
324 255 0.0500072
34 256 0.0852374
147 256 0.166037
209 256 0.0724508
232 256 0.124917
248 256 0.0388131
257 256 0.0711607
266 256 0.0724508
272 256 0.252489
287 256 0.0139323
289 256 0.0711607
308 256 0.0313513
69 257 0.037281
169 257 0.212644
204 257 0.0651351
209 257 0.037281
215 257 0.162382
223 257 0.112674
246 257 0.110465
256 257 0.0520775
269 257 0.0331399
274 257 0.0828479
284 257 0.0940719
119 258 0.0171186
132 258 0.0211942
169 258 0.170419
198 258 0.105836
204 258 0.0463621
215 258 0.0486794
232 258 0.0701674
259 258 0.0973588
268 258 0.00483856
269 258 0.0148339
274 258 0.0274729
280 258 0.0376682
288 258 0.0376682
289 258 0.0422049
316 258 0.0910352
318 258 0.0211942
335 258 0.0106971
349 258 0.0171186
350 258 0.0409075
376 258 0.00895094
398 258 0.0404587
409 258 0.0278156
169 259 0.139506
198 259 0.102081
204 259 0.0429485
209 259 0.00939062
211 259 0.0515388
222 259 0.0284396
223 259 0.0489098
232 259 0.0932454
236 259 0.0549652
239 259 0.0081374
246 259 0.065102
255 259 0.0146057
258 259 0.0745952
262 259 0.0130193
265 259 0.060636
274 259 0.0260414
285 259 0.0033894
289 259 0.045905
298 259 0.0560019
314 259 0.00235834
316 259 0.0591834
204 260 0.394738
209 260 0.2867
233 260 0.159281
273 260 0.159281
204 261 0.484785
549 261 0.515215
169 262 0.262005
172 262 0.0631575
204 262 0.29999
253 262 0.121576
259 262 0.233423
295 262 0.0198493
169 263 0.61798
179 263 0.38202
179 264 1
67 265 0.00718073
190 265 0.0214435
198 265 0.133089
203 265 0.0789753
211 265 0.0561695
222 265 0.0466684
232 265 0.0574363
238 265 0.0548263
245 265 0.0031925
259 265 0.0827758
284 265 0.0842399
288 265 0.029038
298 265 0.0418813
316 265 0.0548263
321 265 0.0561695
336 265 0.0418813
398 265 0.124164
404 265 0.00698021
463 265 0.0190627
147 266 0.216728
172 266 0.0955305
218 266 0.0840621
223 266 0.155338
248 266 0.140106
256 266 0.308236
269 267 1
198 268 0.501676
258 268 0.498324
215 269 0.314599
232 269 0.250115
257 269 0.158198
258 269 0.253117
267 269 0.0239706
169 270 0.177241
192 270 0.134588
284 270 0.201668
290 270 0.0211845
318 270 0.081715
336 270 0.145269
350 270 0.238335
169 271 0.401738
255 271 0.193158
272 271 0.405103
20 272 0.00068291
34 272 0.00216458
131 272 0.0196946
147 272 0.00442062
154 272 0.00103656
157 272 0.00273164
169 272 0.0519987
178 272 0.000554865
190 272 0.00273164
196 272 0.00241458
198 272 0.0173898
201 272 0.000835345
203 272 0.0665411
223 272 0.00531694
227 272 0.00368893
232 272 0.0100059
238 272 0.00795103
246 272 0.00945099
256 272 0.00442062
271 272 0.000634131
279 272 0.00273164
284 272 0.0200117
289 272 0.00364625
299 272 0.000280481
307 272 0.0016585
309 272 0.000280481
316 272 0.0104266
321 272 0.0122253
346 272 0.00123168
347 272 0.00176215
360 272 0.00601205
363 272 0.00742055
369 272 0.0117802
379 272 0.0194934
380 272 0.00601205
384 272 0.00368893
385 272 0.0137558
387 272 0.00253652
388 272 0.00123168
391 272 0.00643277
395 272 0.00450599
397 272 0.00603034
398 272 0.0778213
407 272 0.00917661
414 272 0.0061157
415 272 0.0467672
425 272 0.00289017
427 272 0.00405478
428 272 0.000280481
429 272 0.00405478
430 272 0.131905
433 272 0.0136582
440 272 0.00103656
441 272 0.00628033
446 272 0.0286578
447 272 0.0242616
448 272 0.0209385
457 272 0.0177374
459 272 0.00331089
461 272 0.00368893
462 272 0.00405478
464 272 0.00478037
470 272 0.0122253
474 272 0.000420721
482 272 0.00176215
486 272 0.00562181
491 272 0.00216458
493 272 0.00112802
495 272 0.00643277
498 272 0.00562181
504 272 0.000835345
518 272 0.00112802
526 272 0.000426819
527 272 0.0014207
535 272 0.0493464
537 272 0.0161216
546 272 0.00674984
547 272 0.0118168
549 272 0.0220909
551 272 0.00531694
559 272 0.00843272
567 272 0.0143777
569 272 0.00478037
585 272 0.00331089
616 272 0.0202861
690 272 0.00450599
729 272 0.00068291
735 272 0.0130546
749 272 0.00680471
750 272 0.00160972
769 272 0.00139631
833 272 0.000835345
260 273 0.482758
283 273 0.517242
169 274 0.269383
215 274 0.111945
246 274 0.115752
257 274 0.104449
258 274 0.123791
259 274 0.15314
297 274 0.0331463
298 274 0.0883934
298 275 0.49836
316 275 0.50164
129 276 0.370641
169 276 0.419703
313 276 0.209657
129 277 0.209528
169 277 0.356301
231 277 0.119729
300 277 0.101589
334 277 0.212853
236 278 1
169 279 0.247166
192 279 0.0699429
246 279 0.107389
272 279 0.175058
284 279 0.150393
288 279 0.101028
336 279 0.0770394
371 279 0.0719836
198 280 0.230039
211 280 0.0796936
224 280 0.031457
229 280 0.0692079
255 280 0.0489359
258 280 0.108137
281 280 0.00838772
289 280 0.103814
291 280 0.00838772
298 280 0.0967962
316 280 0.125832
327 280 0.074508
341 280 0.0148043
218 281 0.434786
280 281 0.565214
371 282 1
232 283 0.17194
273 283 0.0614096
363 283 0.158368
415 283 0.298059
430 283 0.310223
169 284 0.117724
196 284 0.0107019
198 284 0.0706686
222 284 0.0224868
223 284 0.0336909
232 284 0.06342
257 284 0.0202547
265 284 0.0619697
270 284 0.0192093
272 284 0.180189
279 284 0.02114
321 284 0.0527182
336 284 0.0484299
343 284 0.0128429
350 284 0.0389178
357 284 0.00951206
363 284 0.0374581
369 284 0.0253686
378 284 0.00342497
380 284 0.0261597
385 284 0.0470894
398 284 0.0766239
215 285 0.392432
219 285 0.190612
259 285 0.416956
375 286 1
246 287 0.512317
256 287 0.487683
133 288 0.0259682
169 288 0.183752
178 288 0.0138507
258 288 0.101172
265 288 0.0745606
279 288 0.049568
318 288 0.049568
321 288 0.119832
346 288 0.0185875
363 288 0.0858439
371 288 0.0831771
394 288 0.0138507
398 288 0.18027
236 289 0.0709124
246 289 0.0832697
255 289 0.0437164
256 289 0.0392565
258 289 0.113705
259 289 0.161415
272 289 0.114912
280 289 0.0974269
298 289 0.104269
316 289 0.131149
349 289 0.0399682
253 290 0.5
270 290 0.5
280 291 0.590907
467 291 0.409093
211 292 1
211 293 1
635 294 1
262 295 1
225 296 0.059021
415 296 0.318968
447 296 0.24516
481 296 0.244055
517 296 0.132796
117 297 0.26045
169 297 0.414836
274 297 0.233126
332 297 0.0915879
169 298 0.150256
198 298 0.123182
259 298 0.135715
265 298 0.0743467
274 298 0.0364261
275 298 0.00883906
280 298 0.0626067
289 298 0.0718625
299 298 0.00556548
316 298 0.173371
335 298 0.01878
346 298 0.0136593
349 298 0.0214646
363 298 0.0500853
394 298 0.0100171
409 298 0.0438227
272 299 0.524055
298 299 0.475945
67 300 0.0620692
229 300 0.242562
277 300 0.0846433
302 300 0.0744819
321 300 0.221122
385 300 0.315122
361 301 1
169 302 0.314297
222 302 0.254914
300 302 0.200011
343 302 0.230779
232 303 1
147 304 1
4 305 0.0592192
21 305 0.0786475
109 305 0.0999275
153 305 0.0314613
169 305 0.288372
203 305 0.223253
205 305 0.0314613
355 305 0.175076
431 305 0.0125822
314 306 0.4
388 306 0.6
72 307 0.0504633
169 307 0.28548
272 307 0.290167
308 307 0.0504633
316 307 0.247729
357 307 0.0756972
147 308 0.396
256 308 0.396
307 308 0.207999
272 309 0.557204
499 309 0.442796
50 310 0.160605
119 310 0.0705937
236 310 0.120795
321 310 0.115919
407 310 0.114041
414 310 0.239599
435 310 0.0549054
484 310 0.123542
312 311 0.399998
541 311 0.600002
311 312 1
147 313 0.072454
276 313 0.0341296
318 313 0.143021
336 313 0.182031
350 313 0.234647
355 313 0.238372
357 313 0.0536322
374 313 0.0417134
259 314 0.646155
306 314 0.353845
198 315 0.151205
360 315 0.117278
416 315 0.107948
459 315 0.102353
535 315 0.261699
567 315 0.23553
589 315 0.0239862
119 316 0.0168764
169 316 0.134338
196 316 0.0135351
198 316 0.126405
238 316 0.0421897
243 316 0.00488389
258 316 0.0928134
259 316 0.078752
265 316 0.0534388
272 316 0.124353
275 316 0.00488389
280 316 0.0446873
289 316 0.0496297
298 316 0.0951941
307 316 0.0168764
343 316 0.0160634
350 316 0.0386729
363 316 0.0464081
172 317 0.326089
361 317 0.347822
418 317 0.326089
235 318 0.0577158
258 318 0.145115
270 318 0.069259
288 318 0.126365
313 318 0.105536
350 318 0.269342
355 318 0.134322
363 318 0.0923453
238 319 1
430 320 0.261669
545 320 0.23345
549 320 0.256539
556 320 0.179738
603 320 0.0686049
157 321 0.0223043
169 321 0.100629
190 321 0.0363648
265 321 0.0584241
272 321 0.15564
284 321 0.0745406
288 321 0.0485416
300 321 0.0130674
310 321 0.0103261
349 321 0.00836285
371 321 0.0390564
385 321 0.0621652
398 321 0.180146
415 321 0.0800463
420 321 0.0314782
427 321 0.0418209
437 321 0.0146366
438 321 0.00938255
444 321 0.0130674
222 322 0.722223
234 322 0.277777
138 323 0.129032
169 323 0.124432
227 323 0.176958
236 323 0.162212
385 323 0.162212
452 323 0.167738
461 323 0.0774163
198 324 0.523929
255 324 0.476071
112 325 0.267735
708 325 0.384979
771 325 0.104994
801 325 0.242292
160 326 0.202576
394 326 0.165065
416 326 0.238749
417 326 0.228545
419 326 0.165065
109 327 0.0534026
139 327 0.0436939
148 327 0.0106796
160 327 0.0686626
198 327 0.168302
211 327 0.202931
229 327 0.225939
280 327 0.182696
372 327 0.0436939
403 328 1
169 329 0.362707
407 329 0.32502
420 329 0.312273
133 330 0.445546
355 330 0.554454
211 331 1
192 332 0.49339
297 332 0.352421
337 332 0.154188
169 333 0.321225
178 333 0.17035
343 333 0.235866
369 333 0.272559
169 334 0.337618
196 334 0.149742
231 334 0.176482
277 334 0.336159
229 335 0.171127
258 335 0.162352
298 335 0.153497
409 335 0.366299
489 335 0.146724
154 336 0.0247031
164 336 0.0164705
198 336 0.162033
208 336 0.0156852
238 336 0.0741199
265 336 0.0977953
270 336 0.0439196
279 336 0.0343746
284 336 0.153727
313 336 0.0479147
346 336 0.0282344
350 336 0.158117
355 336 0.0908698
358 336 0.00732081
382 336 0.00732081
409 336 0.0373947
332 337 1
430 338 0.746345
593 338 0.253655
404 339 1
169 340 0.335954
224 340 0.129569
225 340 0.178159
240 340 0.178159
341 340 0.178159
50 341 0.230051
240 341 0.257861
280 341 0.230051
340 341 0.282036
203 342 0.306139
491 342 0.218935
609 342 0.197043
708 342 0.277883
192 343 0.171537
235 343 0.0857711
240 343 0.0316703
284 343 0.113213
302 343 0.0316703
316 343 0.106882
333 343 0.0316703
350 343 0.284389
355 343 0.143197
651 344 0.18358
800 344 0.278433
803 344 0.194463
806 344 0.343523
481 345 1
203 346 0.250545
272 346 0.191186
288 346 0.0919463
298 346 0.0977315
336 346 0.15358
355 346 0.215012
272 347 0.313035
430 347 0.248564
457 347 0.161202
559 347 0.149262
612 347 0.127938
169 348 0.518871
238 348 0.481129
119 349 0.133473
258 349 0.276069
289 349 0.239261
298 349 0.186436
321 349 0.123979
364 349 0.0407815
133 350 0.0123766
164 350 0.0131044
192 350 0.0774975
198 350 0.104375
235 350 0.0364056
258 350 0.0800931
270 350 0.0577648
284 350 0.0990238
313 350 0.04951
316 350 0.0742669
318 350 0.0770185
336 350 0.126748
343 350 0.0820835
355 350 0.10664
381 350 0.00309322
605 351 0.536423
638 351 0.463577
222 352 0.372463
367 352 0.363645
379 352 0.263892
379 353 0.222151
447 353 0.222487
503 353 0.284385
510 353 0.270978
208 354 1
143 355 0.00393981
169 355 0.139947
181 355 0.00393981
192 355 0.0804044
203 355 0.165011
305 355 0.0524397
313 355 0.0638143
318 355 0.0487304
330 355 0.00744545
336 355 0.0924168
343 355 0.0524397
346 355 0.0402022
350 355 0.135294
372 355 0.0105812
398 355 0.0792734
405 355 0.0241213
240 356 1
229 357 0.23983
284 357 0.225027
307 357 0.092058
313 357 0.105209
385 357 0.311573
477 357 0.0263023
192 358 0.490908
336 358 0.509092
169 359 1
131 360 0.083263
169 360 0.100749
203 360 0.209895
227 360 0.0572445
254 360 0.038162
272 360 0.217171
315 360 0.0222625
425 360 0.0629683
430 360 0.105204
432 360 0.083263
473 360 0.0198161
301 361 0.0502888
317 361 0.117337
395 361 0.246407
509 361 0.117337
512 361 0.240852
538 361 0.227778
169 362 0.660003
423 362 0.339997
119 363 0.0206638
169 363 0.155627
203 363 0.131211
272 363 0.160531
283 363 0.0114785
284 363 0.0899716
288 363 0.0590721
298 363 0.0498563
316 363 0.0841301
318 363 0.0249266
369 363 0.0646267
398 363 0.111042
423 363 0.00545375
436 363 0.0314095
169 364 0.564106
349 364 0.435894
547 365 1
169 366 0.377975
398 366 0.375053
624 366 0.246971
222 367 0.0781155
352 367 0.0318948
376 367 0.056908
415 367 0.198013
430 367 0.16933
470 367 0.0583523
483 367 0.0753841
484 367 0.0806188
498 367 0.105298
501 367 0.0806188
507 367 0.065467
4 368 0.105161
407 368 0.209728
447 368 0.2307
547 368 0.299056
549 368 0.155355
203 369 0.133354
272 369 0.201377
284 369 0.0481559
333 369 0.00787995
363 369 0.0510747
387 369 0.0393997
392 369 0.0481559
424 369 0.0183855
430 369 0.143529
446 369 0.102622
465 369 0.0443263
481 369 0.0558152
493 369 0.0124409
569 369 0.0428259
585 369 0.0375243
654 369 0.0131343
398 370 0.383851
424 370 0.333052
716 370 0.283096
238 371 0.0446313
279 371 0.0461202
282 371 0.00549085
288 371 0.108613
321 371 0.1259
385 371 0.163646
398 371 0.128488
411 371 0.0288232
432 371 0.105415
436 371 0.0802094
440 371 0.0213539
446 371 0.114404
469 371 0.0269047
211 372 0.396071
327 372 0.358169
355 372 0.24576
163 373 0.458853
203 373 0.541147
313 374 0.262209
382 374 0.131108
512 374 0.300769
559 374 0.305914
286 375 0.217395
640 375 0.347829
674 375 0.434776
258 376 0.126799
367 376 0.162227
395 376 0.111431
414 376 0.116275
446 376 0.211127
501 376 0.194998
524 376 0.077144
414 377 1
284 378 0.423806
411 378 0.275195
440 378 0.300999
163 379 0.00625639
203 379 0.058673
205 379 0.00241371
272 379 0.118218
352 379 0.00241371
353 379 0.00661497
390 379 0.00313622
415 379 0.121505
430 379 0.147376
434 379 0.00241371
437 379 0.00782985
455 379 0.0285418
458 379 0.0182019
461 379 0.0131068
483 379 0.0163126
503 379 0.0817291
505 379 0.033701
508 379 0.00568909
510 379 0.0256036
517 379 0.0119348
533 379 0.00482743
537 379 0.0427083
539 379 0.0206423
544 379 0.0400377
546 379 0.033701
547 379 0.0513784
556 379 0.00959598
567 379 0.0427083
597 379 0.00165374
608 379 0.00960134
610 379 0.0152904
614 379 0.00241371
625 379 0.00688256
656 379 0.0044742
662 379 0.00241371
163 380 0.0400266
272 380 0.213713
284 380 0.103275
385 380 0.128204
398 380 0.15022
411 380 0.0241418
424 380 0.0492905
446 380 0.0879322
567 380 0.0844993
605 380 0.054319
616 380 0.0643791
350 381 1
336 382 0.571428
374 382 0.428572
461 383 0.411767
490 383 0.313725
509 383 0.274508
131 384 0.141401
272 384 0.201168
433 384 0.0721146
448 384 0.177889
454 384 0.128545
457 384 0.106048
503 384 0.148088
553 384 0.0176763
562 384 0.00706925
227 385 0.0272586
229 385 0.0696706
245 385 0.00366154
272 385 0.190569
284 385 0.0724578
300 385 0.0202689
321 385 0.0676514
323 385 0.0164672
357 385 0.0202689
371 385 0.0552467
380 385 0.0499717
404 385 0.0081346
409 385 0.0709362
411 385 0.0146365
416 385 0.0127477
429 385 0.0292778
436 385 0.0424989
446 385 0.0843167
470 385 0.0427888
489 385 0.034601
495 385 0.0361661
505 385 0.0304033
203 386 0.399138
412 386 0.200558
535 386 0.400304
203 387 0.196238
272 387 0.243049
369 387 0.220739
430 387 0.201029
466 387 0.0206934
569 387 0.118253
176 388 0.034665
236 388 0.190657
272 388 0.345216
306 388 0.0606601
398 388 0.334137
479 388 0.034665
551 389 0.373254
566 389 0.307386
672 389 0.319361
379 390 0.209566
391 390 0.181623
535 390 0.333595
618 390 0.275216
131 391 0.0824493
203 391 0.163302
272 391 0.103266
390 391 0.00719878
392 391 0.0539852
409 391 0.0412246
430 391 0.136396
446 391 0.103649
454 391 0.0479858
455 391 0.0566833
457 391 0.0938199
465 391 0.0624673
497 391 0.0253057
538 391 0.0222675
203 392 0.110205
229 392 0.025346
369 392 0.0245795
391 392 0.0293275
398 392 0.0981416
407 392 0.0336314
414 392 0.0245795
415 392 0.120193
416 392 0.0276515
425 392 0.0196247
427 392 0.0296256
448 392 0.0585181
450 392 0.0267603
457 392 0.0829546
463 392 0.0196247
469 392 0.0143383
481 392 0.0752106
495 392 0.0165921
497 392 0.0110594
507 392 0.017164
522 392 0.0227728
535 392 0.1121
502 393 1
229 394 0.2961
288 394 0.253871
298 394 0.26559
326 394 0.184439
64 395 0.0118369
229 395 0.0664749
242 395 0.0284059
272 395 0.211421
361 395 0.0284059
376 395 0.0315607
410 395 0.0167082
415 395 0.193307
430 395 0.169428
452 395 0.094682
473 395 0.0167082
489 395 0.0455847
495 395 0.0736394
496 395 0.0118369
533 396 1
272 397 0.177618
407 397 0.0886512
424 397 0.0617816
449 397 0.016547
470 397 0.135861
498 397 0.0413694
505 397 0.0496447
530 397 0.0496447
535 397 0.254591
548 397 0.0153244
552 397 0.00735384
585 397 0.04645
618 397 0.0551627
131 398 0.0305457
163 398 0.0038584
190 398 0.0044296
203 398 0.0750951
211 398 0.00520128
258 398 0.00579139
265 398 0.0169883
272 398 0.130304
284 398 0.0142496
288 398 0.0096044
321 398 0.0236951
355 398 0.00456578
363 398 0.00859819
366 398 0.00068846
370 398 0.00068846
371 398 0.00524289
380 398 0.00707752
388 398 0.00199351
392 398 0.0188381
415 398 0.0714637
416 398 0.0038584
420 398 0.015252
426 398 0.0018649
427 398 0.00775085
430 398 0.0712746
433 398 0.0156606
435 398 0.00137314
437 398 0.00480787
441 398 0.00653659
447 398 0.0461722
452 398 0.023733
457 398 0.0182366
461 398 0.0038584
463 398 0.011144
464 398 0.00775085
465 398 0.0163339
468 398 0.00150175
486 398 0.0104593
489 398 0.0111515
493 398 0.0018649
503 398 0.0265057
505 398 0.0163339
508 398 0.00168711
518 398 0.00137314
525 398 0.00900673
530 398 0.00598053
535 398 0.0981245
537 398 0.0329288
554 398 0.00310185
559 398 0.0101832
561 398 0.0358189
565 398 0.00137314
567 398 0.0329288
575 398 0.00142231
612 398 0.00348769
620 398 0.000238313
416 399 1
430 400 0.517564
525 400 0.482436
190 401 1
544 402 0.221542
549 402 0.243358
605 402 0.150579
626 402 0.114727
682 402 0.080309
684 402 0.0167289
696 402 0.172756
203 403 0.119425
222 403 0.0187242
236 403 0.0506953
328 403 0.00251934
415 403 0.176423
427 403 0.0252025
428 403 0.00474531
430 403 0.1092
447 403 0.129043
448 403 0.0689779
503 403 0.144241
507 403 0.0544395
510 403 0.0631196
517 403 0.0307251
519 403 0.00251934
265 404 0.205128
339 404 0.0431865
385 404 0.211126
430 404 0.373994
439 404 0.166566
355 405 0.0574938
424 405 0.0857515
535 405 0.248777
537 405 0.103951
549 405 0.200525
569 405 0.0748648
635 405 0.0320861
690 405 0.0857515
696 405 0.110799
203 406 0.285178
430 406 0.296565
481 406 0.176291
483 406 0.138268
541 406 0.0518489
597 406 0.0518489
21 407 0.0277863
272 407 0.139842
310 407 0.0121609
329 407 0.00564475
368 407 0.0134734
392 407 0.0587453
397 407 0.045873
416 407 0.0205196
433 407 0.0524887
446 407 0.0824767
452 407 0.0489319
470 407 0.0821281
481 407 0.0685551
512 407 0.0354335
535 407 0.209229
547 407 0.0576355
605 407 0.0304859
624 407 0.00858984
418 408 1
131 409 0.0578379
203 409 0.118138
229 409 0.10406
258 409 0.0258775
298 409 0.0219559
335 409 0.0224574
336 409 0.0142408
385 409 0.0557354
391 409 0.0279455
429 409 0.0164678
432 409 0.0691635
447 409 0.106709
448 409 0.0597434
450 409 0.0329356
452 409 0.0713594
462 409 0.0294048
470 409 0.0521458
489 409 0.0267593
502 409 0.0241519
512 409 0.0345299
567 409 0.0283812
395 410 0.446899
445 410 0.135668
528 410 0.417432
371 411 0.261578
378 411 0.0919846
380 411 0.252954
385 411 0.393483
112 412 0.187227
386 412 0.0750889
508 412 0.137667
549 412 0.237359
662 412 0.0750889
686 412 0.1652
740 412 0.0305951
771 412 0.0917741
556 413 0.554454
670 413 0.445546
50 414 0.0580287
90 414 0.0166653
227 414 0.0468696
272 414 0.221136
310 414 0.0606018
376 414 0.025358
377 414 0.00489961
392 414 0.101845
417 414 0.0434765
427 414 0.0694411
432 414 0.0769138
441 414 0.049996
461 414 0.0468696
468 414 0.0397702
484 414 0.0729142
507 414 0.0652148
131 415 0.0436558
203 415 0.0605147
227 415 0.00272937
272 415 0.0763123
283 415 0.00163141
296 415 0.00282251
321 415 0.0102598
367 415 0.00555753
379 415 0.0326932
392 415 0.0224842
395 415 0.00672041
398 415 0.0696455
403 415 0.0154279
420 415 0.014663
427 415 0.00746837
429 415 0.00514262
430 415 0.0934732
441 415 0.00869335
447 415 0.0701875
448 415 0.0362326
450 415 0.00863972
452 415 0.0304211
454 415 0.0143017
455 415 0.016427
458 415 0.00996912
460 415 0.00869335
462 415 0.00869335
463 415 0.00806392
465 415 0.0196645
481 415 0.0321936
483 415 0.00595833
485 415 0.00219874
487 415 0.00380475
498 415 0.0115215
502 415 0.00436925
503 415 0.0576019
505 415 0.0218293
509 415 0.000663291
510 415 0.0115215
511 415 0.000231446
516 415 0.0013294
517 415 0.00722846
522 415 0.016427
535 415 0.0713758
538 415 0.00938768
550 415 0.00178665
561 415 0.0193032
583 415 0.00938768
584 415 0.000691516
315 416 0.0491015
326 416 0.0400863
385 416 0.0796523
392 416 0.274351
398 416 0.199527
399 416 0.0112223
407 416 0.116552
425 416 0.0974656
427 416 0.132042
326 417 0.0782432
414 417 0.212286
468 417 0.15258
480 417 0.117784
481 417 0.164689
555 417 0.110965
557 417 0.140846
611 417 0.0226063
317 418 0.162076
408 418 0.0720375
432 418 0.357692
729 418 0.216102
744 418 0.192093
50 419 0.266281
238 419 0.284903
326 419 0.193455
425 419 0.255361
203 420 0.125143
321 420 0.0384265
329 420 0.00553214
398 420 0.141575
415 420 0.139644
430 420 0.116276
446 420 0.0716544
448 420 0.0428987
452 420 0.0815074
457 420 0.0637084
460 420 0.0284989
463 420 0.0391858
528 420 0.0373205
537 420 0.0686283
524 421 1
438 422 0.103886
503 422 0.161643
549 422 0.357272
554 422 0.103886
586 422 0.128617
653 422 0.144696
362 423 0.363636
363 423 0.636364
369 424 0.0373124
370 424 0.012346
380 424 0.0480962
397 424 0.0727589
405 424 0.0429296
470 424 0.0857563
535 424 0.281931
547 424 0.0890423
565 424 0.0246921
605 424 0.134925
608 424 0.0787042
636 424 0.0273758
701 424 0.0349813
769 424 0.0291486
272 425 0.164599
360 425 0.0993868
392 425 0.128239
416 425 0.0641989
419 425 0.0240914
432 425 0.16941
452 425 0.0978811
457 425 0.163566
467 425 0.0193605
480 425 0.0451763
490 425 0.0240914
398 426 0.255849
470 426 0.171639
535 426 0.325802
567 426 0.24671
272 427 0.156436
321 427 0.126646
392 427 0.130932
398 427 0.178477
403 427 0.0520749
414 427 0.0740631
415 427 0.176413
416 427 0.0588127
444 427 0.033328
467 427 0.0128174
272 428 0.525896
403 428 0.474104
230 429 0.051899
272 429 0.222725
385 429 0.115989
409 429 0.0830384
415 429 0.172997
430 429 0.185014
437 429 0.0325629
441 429 0.0878705
444 429 0.0296566
449 429 0.0182487
72 430 0.000444466
112 430 0.00690509
138 430 0.00508754
203 430 0.0723765
230 430 0.00366684
238 430 0.00724638
241 430 0.000674635
272 430 0.139681
283 430 0.00110323
320 430 0.00187311
338 430 0.000301602
347 430 0.0014842
360 430 0.00308745
367 430 0.00308745
369 430 0.00888931
379 430 0.0257314
387 430 0.00222233
391 430 0.00899249
395 430 0.00382558
398 430 0.0450736
400 430 0.000452402
403 430 0.00619871
404 430 0.00110323
406 430 0.00130959
415 430 0.0606616
420 430 0.00792101
429 430 0.0035716
439 430 0.000904805
443 430 0.000301602
446 430 0.0240964
447 430 0.028676
451 430 0.00757973
454 430 0.0100957
455 430 0.0100878
459 430 0.0023017
461 430 0.00323825
462 430 0.0043256
465 430 0.0138816
471 430 0.000452402
480 430 0.00308745
486 430 0.00691303
487 430 0.00203978
491 430 0.0023017
492 430 0.000150801
497 430 0.0014842
498 430 0.00509548
500 430 0.000150801
503 430 0.0279061
523 430 0.000301602
525 430 0.00600029
528 430 0.0058733
531 430 0.0014842
535 430 0.0575583
537 430 0.027168
539 430 0.00257155
543 430 0.0014842
545 430 0.00687334
546 430 0.00982586
547 430 0.014207
549 430 0.0358747
557 430 0.00130959
560 430 0.000444466
574 430 0.0043256
585 430 0.0023017
590 430 0.000301602
592 430 0.00392876
595 430 0.0014842
603 430 0.000674635
605 430 0.00598441
606 430 0.000452402
612 430 0.00478594
618 430 0.00388907
621 430 0.0014842
671 430 0.00058733
689 430 0.0141277
690 430 0.00481769
696 430 0.0173183
706 430 0.0107307
735 430 0.0324619
737 430 0.0102862
749 430 0.0136514
756 430 0.00291284
761 430 0.0437561
762 430 0.0100957
764 430 0.00257155
780 430 0.00811943
784 430 0.00283347
798 430 0.000674635
802 430 0.00982586
810 430 0.000150801
819 430 0.00291284
821 430 0.00742099
822 430 0.0026906
825 430 0.00187311
833 430 0.000888931
836 430 0.00187311
839 430 0.0035716
842 430 0.0046272
852 430 0.00888931
854 430 0.00110323
867 430 0.000150801
868 430 0.000444466
305 431 1
203 432 0.160584
229 432 0.049752
244 432 0.00592049
360 432 0.0276422
371 432 0.0307965
409 432 0.0761802
414 432 0.0255128
418 432 0.00714936
425 432 0.0356274
436 432 0.0376921
442 432 0.0031891
446 432 0.106136
448 432 0.083842
452 432 0.083842
454 432 0.0448216
457 432 0.0761802
462 432 0.0500356
484 432 0.0145127
495 432 0.0322443
514 432 0.0103633
516 432 0.00921407
527 432 0.00936332
543 432 0.0111046
601 432 0.00829366
272 433 0.174975
384 433 0.0169461
398 433 0.119821
407 433 0.0441298
436 433 0.0362102
446 433 0.0798812
447 433 0.0961472
464 433 0.0597742
470 433 0.0350739
489 433 0.047072
495 433 0.0488165
502 433 0.0431482
505 433 0.0441298
522 433 0.0219662
537 433 0.0516653
542 433 0.021102
559 433 0.0591421
379 434 0.414937
654 434 0.327637
678 434 0.257426
238 435 0.200184
310 435 0.163112
398 435 0.348341
463 435 0.288363
138 436 0.0293625
203 436 0.138778
363 436 0.0542602
371 436 0.0730226
385 436 0.114605
432 436 0.117446
433 436 0.10559
460 436 0.0645968
464 436 0.0645968
476 436 0.0189988
489 436 0.0954243
495 436 0.123318
321 437 0.105386
379 437 0.118374
398 437 0.263234
429 437 0.0543803
464 437 0.0866681
535 437 0.170667
567 437 0.201292
321 438 0.141485
422 438 0.089361
572 438 0.108904
659 438 0.220716
708 438 0.146879
709 438 0.203293
722 438 0.089361
404 439 0.242319
430 439 0.447936
547 439 0.309744
272 440 0.32754
371 440 0.164562
378 440 0.0854453
464 440 0.244128
465 440 0.178324
131 441 0.128196
272 441 0.232778
398 441 0.144736
414 441 0.0512785
415 441 0.197534
429 441 0.0593495
459 441 0.0377057
491 441 0.0377057
505 441 0.0961472
584 441 0.014569
432 442 0.521741
803 442 0.478259
430 443 0.66234
529 443 0.33766
321 444 0.25644
427 444 0.215949
429 444 0.134967
491 444 0.123403
573 444 0.176689
641 444 0.0925523
410 445 1
4 446 0.00713562
117 446 0.0102786
138 446 0.0183085
203 446 0.089943
272 446 0.144163
369 446 0.0302049
371 446 0.0140226
376 446 0.00640833
380 446 0.0124456
385 446 0.030613
391 446 0.0324684
407 446 0.0272252
420 446 0.0231917
430 446 0.114463
432 446 0.0445281
433 446 0.0313626
452 446 0.0532036
453 446 0.00136553
455 446 0.0324684
457 446 0.047645
462 446 0.0183085
464 446 0.0115958
465 446 0.0436857
481 446 0.0381531
482 446 0.00483129
501 446 0.00640833
502 446 0.0124456
503 446 0.0433852
505 446 0.0324684
510 446 0.00970712
516 446 0.0054584
526 446 0.00210766
131 447 0.0473059
203 447 0.0658716
229 447 0.0168943
272 447 0.0632294
296 447 0.00346693
353 447 0.00284653
368 447 0.00253511
398 447 0.071859
403 447 0.0180207
409 447 0.0255458
415 447 0.11208
430 447 0.0705623
433 447 0.0195559
448 447 0.0287524
452 447 0.0287524
455 447 0.0198041
457 447 0.0222613
458 447 0.0135174
463 447 0.00844713
481 447 0.0506293
496 447 0.000710416
497 447 0.00346693
502 447 0.010374
503 447 0.0739416
505 447 0.026446
510 447 0.0202736
522 447 0.028385
528 447 0.00965387
542 447 0.0139772
547 447 0.0191058
561 447 0.0355086
567 447 0.0293265
573 447 0.00296817
583 447 0.0167264
592 447 0.005659
596 447 0.0115394
272 448 0.135108
384 448 0.0210561
392 448 0.0432907
403 448 0.0238562
409 448 0.0354182
415 448 0.143291
420 448 0.0178128
432 448 0.045126
447 448 0.0712041
450 448 0.0362604
454 448 0.0429764
455 448 0.0178128
457 448 0.0734794
459 448 0.0120868
462 448 0.0272943
482 448 0.00604341
495 448 0.0228694
498 448 0.0255973
503 448 0.0674486
518 448 0.00690765
520 448 0.00172534
525 448 0.01176
535 448 0.0826215
538 448 0.0241736
560 448 0.00388437
577 448 0.000895669
397 449 0.369231
429 449 0.218479
535 449 0.41229
392 450 0.0932011
409 450 0.0919309
415 450 0.160878
448 450 0.170728
457 450 0.0919309
465 450 0.0875529
470 450 0.0688339
512 450 0.0593846
538 450 0.0722316
559 450 0.028285
560 450 0.0168846
561 450 0.0581585
203 451 0.0994183
430 451 0.230076
578 451 0.0183275
658 451 0.0388113
667 451 0.0373237
686 451 0.0527846
761 451 0.160284
784 451 0.0845841
785 451 0.0260664
792 451 0.00439594
819 451 0.0405997
824 451 0.0153022
838 451 0.0879688
849 451 0.0119927
850 451 0.0239938
857 451 0.0399896
862 451 0.00838236
871 451 0.0153022
885 451 0.00439594
131 452 0.0690861
138 452 0.0183198
203 452 0.123492
222 452 0.00805972
323 452 0.00793399
395 452 0.01302
398 452 0.0914923
407 452 0.0207246
409 452 0.0423167
415 452 0.120333
420 452 0.0338515
425 452 0.0110837
432 452 0.0451363
446 452 0.068275
447 452 0.0712204
455 452 0.0398271
462 452 0.0226703
474 452 0.00250216
488 452 0.00172574
498 452 0.0117627
522 452 0.0228747
530 452 0.0170028
535 452 0.0826405
537 452 0.0399717
555 452 0.00500432
557 452 0.0096723
446 453 0.547529
554 453 0.452471
131 454 0.100434
138 454 0.0255744
203 454 0.149729
230 454 0.0268534
236 454 0.0273715
384 454 0.0313855
391 454 0.0397818
415 454 0.116667
430 454 0.1269
432 454 0.0497641
448 454 0.0886547
460 454 0.0418465
462 454 0.0418465
503 454 0.0928135
518 454 0.00969012
559 454 0.0306883
131 455 0.0901844
138 455 0.0308171
203 455 0.130509
379 455 0.0604002
391 455 0.0453006
415 455 0.12919
430 455 0.122241
446 455 0.0828349
447 455 0.097525
448 455 0.0354233
452 455 0.07918
460 455 0.0308171
471 455 0.00517695
505 455 0.0604002
549 456 0.615766
703 456 0.384234
138 457 0.0111802
203 457 0.111799
272 457 0.131091
347 457 0.00670763
384 457 0.0143732
391 457 0.0431782
392 457 0.070274
398 457 0.0804962
420 457 0.0302935
425 457 0.0212029
432 457 0.0469557
446 457 0.0699969
447 457 0.0631343
448 457 0.0841447
450 457 0.0223603
465 457 0.0565981
497 457 0.0121521
498 457 0.0223603
535 457 0.0715512
542 457 0.0234427
543 457 0.00670763
379 458 0.0690461
415 458 0.140535
447 458 0.119311
503 458 0.155666
510 458 0.119311
522 458 0.0854713
535 458 0.074198
549 458 0.0571416
583 458 0.11718
596 458 0.062141
229 459 0.0711362
272 459 0.254096
315 459 0.0412457
430 459 0.166941
441 459 0.0779839
448 459 0.143619
470 459 0.0968798
503 459 0.148098
131 460 0.144763
203 460 0.186357
415 460 0.184823
420 460 0.0636092
436 460 0.0599733
454 460 0.109041
455 460 0.0832954
495 460 0.0456322
501 460 0.0205783
503 460 0.101927
272 461 0.253749
323 461 0.0390149
379 461 0.148631
383 461 0.0222965
398 461 0.15854
414 461 0.089178
430 461 0.210561
499 461 0.0390149
501 461 0.0390149
272 462 0.113076
409 462 0.0752822
415 462 0.148481
430 462 0.11376
432 462 0.116298
446 462 0.101432
448 462 0.117862
452 462 0.0978668
454 462 0.0876003
517 462 0.0283422
236 463 0.0388991
265 463 0.0573426
392 463 0.0828174
398 463 0.24507
415 463 0.181944
420 463 0.0928303
435 463 0.0250063
447 463 0.119351
489 463 0.0494703
528 463 0.0614215
538 463 0.0458471
272 464 0.190059
398 464 0.183962
433 464 0.185393
436 464 0.0687043
437 464 0.0375727
440 464 0.0306708
446 464 0.0916058
485 464 0.0235742
489 464 0.0930371
559 464 0.0954217
163 465 0.0140933
369 465 0.0271435
391 465 0.0407165
398 465 0.102093
415 465 0.126124
430 465 0.137186
440 465 0.0058997
446 465 0.0908993
450 465 0.0301605
457 465 0.0801602
498 465 0.0375846
502 465 0.0221159
503 465 0.0669341
516 465 0.0108564
535 465 0.103224
537 465 0.0436236
538 465 0.0435429
542 465 0.0176429
387 466 0.5
656 466 0.5
291 467 0.204611
425 467 0.401911
427 467 0.393478
398 468 0.180264
414 468 0.221232
417 468 0.173826
524 468 0.0935992
696 468 0.170533
701 468 0.1352
809 468 0.0253464
371 469 0.0543205
392 469 0.136192
481 469 0.186938
535 469 0.238778
537 469 0.102566
549 469 0.193455
701 469 0.0877506
117 470 0.0167034
203 470 0.0796341
272 470 0.18364
367 470 0.0150784
385 470 0.0463913
397 470 0.0692941
407 470 0.0809544
409 470 0.0719582
424 470 0.0371412
426 470 0.011215
433 470 0.0411178
450 470 0.0340279
459 470 0.0189769
482 470 0.0134104
488 470 0.00391803
512 470 0.0572743
535 470 0.173741
618 470 0.0323091
651 470 0.0132151
430 471 0.514804
455 471 0.485196
549 472 1
227 473 0.369657
360 473 0.382294
395 473 0.248049
272 474 0.361695
452 474 0.33485
542 474 0.303455
538 475 1
436 476 0.189446
491 476 0.165157
592 476 0.172531
634 476 0.236433
696 476 0.236433
357 477 1
112 478 0.364281
642 478 0.192859
729 478 0.25
778 478 0.192859
388 479 1
417 480 0.0291777
425 480 0.0346511
430 480 0.127364
505 480 0.0924005
535 480 0.220504
547 480 0.155928
561 480 0.169608
567 480 0.103953
573 480 0.0389811
581 480 0.0216574
604 480 0.00577455
50 481 0.00589055
131 481 0.0451006
296 481 0.00575659
345 481 0.000608244
369 481 0.0141996
392 481 0.037483
406 481 0.00319328
407 481 0.0195579
415 481 0.0857732
417 481 0.00405496
446 481 0.0329755
447 481 0.0844662
469 481 0.00980793
491 481 0.00405496
503 481 0.0720226
505 481 0.0333339
508 481 0.00405496
522 481 0.0372694
525 481 0.0218171
535 481 0.127782
542 481 0.0123061
544 481 0.0393186
545 481 0.0283956
548 481 0.0042034
549 481 0.0622328
561 481 0.0579135
567 481 0.0479173
583 481 0.0316576
587 481 0.0344382
590 481 0.0011839
591 481 0.00672689
596 481 0.0191126
619 481 0.00266107
635 481 0.00272986
229 482 0.120822
272 482 0.340414
446 482 0.185502
448 482 0.180866
470 482 0.172396
367 483 0.0482775
379 483 0.100131
406 483 0.0214584
415 483 0.135953
535 483 0.0815966
539 483 0.0609802
634 483 0.158779
659 483 0.0611502
665 483 0.137934
701 483 0.0750966
703 483 0.0206898
709 483 0.097953
310 484 0.10636
367 484 0.17062
414 484 0.248173
432 484 0.148904
501 484 0.100224
507 484 0.159541
508 484 0.0661788
211 485 0.122571
229 485 0.138375
415 485 0.224149
464 485 0.0986662
505 485 0.188697
530 485 0.0943455
537 485 0.133197
272 486 0.123373
398 486 0.137042
430 486 0.143296
537 486 0.144019
539 486 0.0256036
542 486 0.019725
547 486 0.0995694
561 486 0.108304
567 486 0.105425
571 486 0.0487697
581 486 0.0111563
612 486 0.033717
131 487 0.176358
203 487 0.248313
415 487 0.24627
430 487 0.203138
714 487 0.0726488
782 487 0.0399548
870 487 0.013317
452 488 0.506496
470 488 0.493504
335 489 0.0250136
385 489 0.0756011
395 489 0.0293994
398 489 0.201602
409 489 0.0744181
433 489 0.111218
436 489 0.0773186
463 489 0.0406771
464 489 0.0708763
530 489 0.0510297
535 489 0.121501
537 489 0.103442
573 489 0.0179043
203 490 0.364318
236 490 0.338085
383 490 0.10977
425 490 0.187827
230 491 0.101975
272 491 0.25528
342 491 0.0453203
430 491 0.256824
441 491 0.119971
444 491 0.0582697
476 491 0.0522927
481 491 0.110067
430 492 1
272 493 0.300254
369 493 0.193758
398 493 0.296204
561 493 0.209784
761 494 1
50 495 0.0279864
71 495 0.0163492
163 495 0.0356687
272 495 0.185322
385 495 0.0752232
392 495 0.0548051
395 495 0.0452104
432 495 0.0775059
433 495 0.109797
436 495 0.0951205
448 495 0.102119
460 495 0.0379107
502 495 0.0556026
559 495 0.0813795
395 496 0.480141
447 496 0.519859
391 497 0.218333
392 497 0.175664
430 497 0.193915
447 497 0.184263
457 497 0.227825
272 498 0.157266
367 498 0.0506533
397 498 0.0392868
415 498 0.197438
430 498 0.134504
448 498 0.110924
452 498 0.0509666
457 498 0.0846166
465 498 0.100422
538 498 0.0664847
568 498 0.00371922
579 498 0.00371922
309 499 0.05131
461 499 0.129879
527 499 0.115454
556 499 0.251895
729 499 0.0962113
735 499 0.303941
745 499 0.05131
430 500 1
244 501 0.0593531
367 501 0.224422
376 501 0.190416
446 501 0.206165
460 501 0.0960104
461 501 0.091806
484 501 0.131828
229 502 0.10572
393 502 0.0056059
409 502 0.0941865
415 502 0.113676
433 502 0.142963
446 502 0.105017
447 502 0.168976
465 502 0.0897018
495 502 0.0819016
529 502 0.0103496
559 502 0.0819016
131 503 0.0491596
353 503 0.00480047
379 503 0.0463521
384 503 0.00934139
398 503 0.0544482
403 503 0.0265883
415 503 0.121414
422 503 0.00249072
430 503 0.0906517
446 503 0.0296648
447 503 0.0975976
448 503 0.0359487
454 503 0.0239809
458 503 0.0232761
459 503 0.00664351
460 503 0.0101057
465 503 0.0219974
481 503 0.0569818
505 503 0.0337223
507 503 0.0072769
510 503 0.0374465
512 503 0.00696735
517 503 0.0105344
522 503 0.0290647
528 503 0.00787934
535 503 0.0816746
543 503 0.0032908
567 503 0.0319055
581 503 0.00213354
583 503 0.0217259
596 503 0.0149348
272 504 0.292681
506 504 0.0402964
549 504 0.387466
634 504 0.279556
131 505 0.0863996
379 505 0.0524575
385 505 0.0207142
397 505 0.0159113
398 505 0.0920728
415 505 0.126264
433 505 0.0325122
441 505 0.0244794
446 505 0.0609265
447 505 0.0957895
455 505 0.044427
480 505 0.0199453
481 505 0.0723742
485 505 0.0107096
503 505 0.0925442
535 505 0.104913
547 505 0.0440634
558 505 0.00349643
504 506 1
203 507 0.164617
236 507 0.110803
367 507 0.0634202
392 507 0.110803
403 507 0.164318
414 507 0.101608
484 507 0.0730295
503 507 0.119154
510 507 0.0922481
229 508 0.164895
379 508 0.166755
398 508 0.179261
412 508 0.102435
481 508 0.165846
484 508 0.0956084
513 508 0.0227651
514 508 0.102435
361 509 0.316107
383 509 0.23708
415 509 0.446813
353 510 0.024267
379 510 0.0770314
403 510 0.0617209
415 510 0.128813
446 510 0.0352147
447 510 0.141957
458 510 0.0946378
503 510 0.198641
507 510 0.0298847
522 510 0.0736074
583 510 0.0816478
596 510 0.052577
415 511 1
229 512 0.0824547
361 512 0.0236698
374 512 0.0176379
407 512 0.093052
409 512 0.126949
450 512 0.0782206
470 512 0.152597
503 512 0.0810612
535 512 0.160627
558 512 0.0140567
696 512 0.0849006
785 512 0.0285568
818 512 0.0562171
508 513 1
112 514 0.108828
432 514 0.120031
508 514 0.0800205
549 514 0.210582
582 514 0.0177838
587 514 0.175431
616 514 0.269541
630 514 0.0177838
664 515 1
415 516 0.219851
432 516 0.207389
446 516 0.292785
465 516 0.279974
296 517 0.0436038
379 517 0.119113
403 517 0.0996651
415 517 0.268122
462 517 0.0615589
503 517 0.18538
535 517 0.160998
574 517 0.0615589
272 518 0.301077
398 518 0.218985
448 518 0.28565
454 518 0.194289
403 519 1
448 520 0.553194
591 520 0.446806
616 521 0.556523
723 521 0.443477
131 522 0.0730502
392 522 0.0371378
415 522 0.143224
433 522 0.0243936
447 522 0.154969
452 522 0.0504163
458 522 0.0528651
481 522 0.121966
503 522 0.120222
510 522 0.0573951
525 522 0.0286986
567 522 0.0628251
583 522 0.0664591
623 522 0.00637813
430 523 0.513009
567 523 0.486991
376 524 0.147136
421 524 0.0390363
468 524 0.147136
549 524 0.243973
665 524 0.210191
768 524 0.212527
203 525 0.0852395
398 525 0.123435
400 525 0.00915551
430 525 0.129946
448 525 0.0418211
481 525 0.115156
522 525 0.046287
528 525 0.0283402
535 525 0.185979
561 525 0.0946117
567 525 0.110273
591 525 0.0297566
272 526 0.504991
446 526 0.495009
272 527 0.164316
432 527 0.0903407
499 527 0.0583457
544 527 0.140028
616 527 0.259309
645 527 0.182642
680 527 0.105019
410 528 0.0154995
420 528 0.111949
430 528 0.258541
447 528 0.172724
463 528 0.0777761
503 528 0.106783
525 528 0.0575748
537 528 0.103633
542 528 0.0595361
595 528 0.035983
443 529 0.37143
502 529 0.62857
203 530 0.177046
397 530 0.0836947
398 530 0.177309
452 530 0.130773
485 530 0.0281657
489 530 0.0836947
535 530 0.211249
542 530 0.059782
585 530 0.0482862
430 531 0.366835
556 531 0.143857
819 531 0.188813
821 531 0.216578
841 531 0.0839179
785 532 1
379 533 0.380339
396 533 0.0550585
539 533 0.309704
549 533 0.254899
537 534 0.565868
624 534 0.434132
21 535 0.00397152
131 535 0.0229792
203 535 0.0488019
217 535 0.00081467
272 535 0.0745228
315 535 0.00207584
386 535 0.000947838
390 535 0.00124159
392 535 0.0194072
397 535 0.0130543
398 535 0.0885014
405 535 0.00542461
407 535 0.0207349
415 535 0.0660588
424 535 0.0122749
426 535 0.00213851
430 535 0.0820898
437 535 0.00281218
448 535 0.0193367
449 535 0.000947838
452 535 0.0193367
457 535 0.014621
458 535 0.00487236
465 535 0.0148952
469 535 0.00435144
470 535 0.0174684
480 535 0.00761403
481 535 0.0443878
483 535 0.0033096
489 535 0.00606303
503 535 0.0358612
505 535 0.0167869
512 535 0.00606303
517 535 0.00401852
525 535 0.0122396
530 535 0.00642728
537 535 0.0416148
538 535 0.00527969
544 535 0.0138807
545 535 0.00783337
547 535 0.0254584
549 535 0.0466281
561 535 0.0452651
565 535 0.00213851
567 535 0.0416148
569 535 0.00487236
571 535 0.00379135
574 535 0.010528
575 535 0.00128467
576 535 0.000215418
578 535 0.00207193
591 535 0.00244793
592 535 0.00542461
600 535 0.00124159
605 535 0.00952538
608 535 0.00542461
618 535 0.012741
629 535 0.00124159
638 535 0.00207584
649 535 0.000947838
735 536 0.169927
761 536 0.36202
780 536 0.143124
822 536 0.0968214
838 536 0.143124
863 536 0.068849
879 536 0.0161346
272 537 0.0872292
379 537 0.0381061
398 537 0.106416
405 537 0.00811851
420 537 0.0238923
430 537 0.138813
433 537 0.021818
452 537 0.0335055
465 537 0.0225539
469 537 0.0066977
485 537 0.00433347
486 537 0.0355202
489 537 0.0184904
528 537 0.0120286
534 537 0.00145207
535 537 0.149097
547 537 0.048515
557 537 0.00814692
561 537 0.0732427
567 537 0.0694605
570 537 0.00382766
571 537 0.015788
574 537 0.0271602
592 537 0.0177601
618 537 0.0245573
623 537 0.00271659
631 537 0.000753029
361 538 0.0215584
391 538 0.0534474
415 538 0.221708
448 538 0.144378
450 538 0.0916256
463 538 0.0479948
465 538 0.160342
475 538 0.00508975
498 538 0.0916256
535 538 0.134742
539 538 0.027488
379 539 0.249867
430 539 0.178149
483 539 0.120237
486 539 0.0856692
533 539 0.0475936
538 539 0.0523525
544 539 0.107087
634 539 0.117401
644 539 0.0416438
625 540 1
311 541 0.4
406 541 0.6
203 542 0.151758
242 542 0.0226537
433 542 0.0630835
447 542 0.205441
457 542 0.121499
465 542 0.0645664
474 542 0.0134533
481 542 0.10841
486 542 0.0344376
528 542 0.0489167
530 542 0.0461188
549 542 0.0867818
618 542 0.0328801
430 543 0.269614
432 543 0.178423
457 543 0.174853
503 543 0.184369
549 543 0.192741
379 544 0.0737064
402 544 0.0186385
481 544 0.100976
527 544 0.0135145
535 544 0.10263
539 544 0.0162896
545 544 0.067563
546 544 0.115825
548 544 0.0142974
549 544 0.129654
550 544 0.0224191
587 544 0.079303
610 544 0.0266258
612 544 0.014946
618 544 0.0187358
619 544 0.00668078
625 544 0.0165444
628 544 0.00551327
638 544 0.0241286
645 544 0.0254259
652 544 0.0185598
659 544 0.067563
671 544 0.00858031
682 544 0.011879
112 545 0.0275906
320 545 0.0253593
430 545 0.104396
481 545 0.105105
535 545 0.083467
544 545 0.097377
546 545 0.0757372
549 545 0.162297
556 545 0.0480875
583 545 0.0510072
587 545 0.0913672
596 545 0.0386423
616 545 0.0741921
625 545 0.0153756
272 546 0.0925999
379 546 0.0762091
430 546 0.12728
544 546 0.142253
545 546 0.0645425
549 546 0.11472
587 546 0.0739046
595 546 0.0121243
610 546 0.0309253
612 546 0.0237077
616 546 0.0742182
626 546 0.0170694
638 546 0.0282879
644 546 0.0216464
646 546 0.00507954
652 546 0.016935
654 546 0.0170694
659 546 0.0614282
272 547 0.113011
365 547 0.00131553
368 547 0.0120555
379 547 0.0810192
407 547 0.0361696
424 547 0.0245516
430 547 0.128321
439 547 0.00566014
447 547 0.0701122
480 547 0.0341036
486 547 0.0434035
505 547 0.0446431
535 547 0.161209
537 547 0.0857467
561 547 0.0779993
571 547 0.0226436
601 547 0.0100169
608 547 0.024111
610 547 0.0124019
646 547 0.00361544
649 547 0.00789016
397 548 0.135195
481 548 0.251231
544 548 0.332786
595 548 0.0935962
610 548 0.187192
261 549 0.00101124
272 549 0.0805508
320 549 0.00631694
368 549 0.00239019
402 549 0.00668466
405 549 0.0105523
412 549 0.00362469
422 549 0.00583759
430 549 0.123509
456 549 0.00101124
458 549 0.00905515
469 549 0.00851014
472 549 0.000512184
481 549 0.0521902
504 549 0.00403837
514 549 0.00552896
524 549 0.00281701
533 549 0.00194367
535 549 0.112569
542 549 0.00826061
543 549 0.00365095
544 549 0.0423405
545 549 0.0367722
546 549 0.0305012
550 549 0.00611338
551 549 0.0212622
556 549 0.0166788
561 549 0.0260951
565 549 0.00297461
578 549 0.00495768
583 549 0.0124566
586 549 0.00297461
600 549 0.00514811
616 549 0.0700445
621 549 0.00631694
624 549 0.00365095
634 549 0.0615081
653 549 0.00495768
659 549 0.0230352
664 549 0.00400554
680 549 0.00829344
681 549 0.00101124
689 549 0.0221946
690 549 0.0253597
696 549 0.0414803
701 549 0.0218138
704 549 0.00743324
708 549 0.0165081
725 549 0.000512184
737 549 0.0230352
112 550 0.104917
415 550 0.135562
544 550 0.248458
549 550 0.207495
555 550 0.0493754
595 550 0.057311
609 550 0.0641851
637 550 0.0401184
652 550 0.0925771
272 551 0.100739
389 551 0.00696533
549 551 0.110542
605 551 0.0238755
616 551 0.0990458
634 551 0.1227
638 551 0.0211959
659 551 0.0668277
665 551 0.0530588
669 551 0.0121114
734 551 0.0422063
735 551 0.169504
752 551 0.032297
775 551 0.0295464
776 551 0.0777157
793 551 0.00488559
801 551 0.026784
397 552 0.634145
661 552 0.365855
384 553 0.241758
572 553 0.395604
601 553 0.362638
21 554 0.104403
203 554 0.207085
398 554 0.281138
422 554 0.0706718
453 554 0.0340256
561 554 0.192433
645 554 0.110244
417 555 0.235716
452 555 0.290582
550 555 0.149589
557 555 0.324113
146 556 0.00940834
320 556 0.0445626
379 556 0.0581095
413 556 0.00940834
499 556 0.0404105
531 556 0.0201578
545 556 0.109757
549 556 0.167995
563 556 0.0613134
607 556 0.0201578
616 556 0.184733
650 556 0.0169337
654 556 0.028225
695 556 0.00497849
709 556 0.0613134
735 556 0.162536
417 557 0.122615
430 557 0.189938
452 557 0.230246
537 557 0.231386
555 557 0.132833
559 557 0.0929824
505 558 0.333565
512 558 0.316193
567 558 0.350242
76 559 0.00328296
131 559 0.104324
203 559 0.125056
272 559 0.206013
347 559 0.0205254
374 559 0.010949
398 559 0.148551
433 559 0.112738
450 559 0.0227359
454 559 0.0563035
464 559 0.0586485
495 559 0.0689698
502 559 0.0471236
557 559 0.0147802
430 560 0.266149
448 560 0.381603
450 560 0.352248
112 561 0.00838255
131 561 0.039763
398 561 0.113357
415 561 0.0626876
447 561 0.0722073
450 561 0.0101434
480 561 0.0205547
481 561 0.0705895
486 561 0.0261602
493 561 0.00417844
525 561 0.021846
535 561 0.158825
537 561 0.0717268
547 561 0.0432188
549 561 0.0379288
554 561 0.00671705
567 561 0.106504
571 561 0.0155325
573 561 0.00811475
574 561 0.0230089
575 561 0.0044389
580 561 0.00221945
585 561 0.00485344
587 561 0.0187388
588 561 0.00074104
592 561 0.0177519
599 561 0.00074104
615 561 0.00074104
618 561 0.0205547
621 561 0.00506989
628 561 0.00270369
384 562 1
556 563 0.0473409
634 563 0.161034
658 563 0.0635576
664 563 0.0351002
677 563 0.0393246
686 563 0.057203
696 563 0.110234
701 563 0.0616036
734 563 0.0326857
735 563 0.221372
737 563 0.112432
744 563 0.0127131
750 563 0.0326857
771 563 0.0127131
203 564 1
398 565 0.217923
424 565 0.189082
535 565 0.376392
549 565 0.216603
389 566 0.0592771
634 566 0.166164
691 566 0.128437
696 566 0.255042
698 566 0.0592771
762 566 0.215565
770 566 0.116237
272 567 0.0823952
315 567 0.00709271
379 567 0.0403535
380 567 0.0136227
398 567 0.112692
409 567 0.0149407
426 567 0.00614782
437 567 0.0125845
447 567 0.0644844
480 567 0.0136227
481 567 0.0631573
486 567 0.0275343
503 567 0.0531547
522 567 0.0253014
523 567 0.00153771
525 567 0.0275343
535 567 0.15789
537 567 0.0735572
558 567 0.00222983
561 567 0.115169
571 567 0.0138364
574 567 0.020264
578 567 0.00539251
580 567 0.00238931
587 567 0.0192499
603 567 0.00222983
618 567 0.0216362
498 568 1
112 569 0.0518433
272 569 0.273325
369 569 0.143196
387 569 0.0705749
405 569 0.0617525
535 569 0.184335
574 569 0.0650048
585 569 0.0823367
769 569 0.0441078
841 569 0.0235236
537 570 0.202938
572 570 0.148819
616 570 0.208868
654 570 0.141736
689 570 0.198428
767 570 0.0992105
486 571 0.144685
535 571 0.163355
537 571 0.1899
547 571 0.154121
561 571 0.190779
567 571 0.15716
438 572 0.065683
553 572 0.0614199
570 572 0.0600551
601 572 0.0965179
609 572 0.0965179
633 572 0.037537
634 572 0.252503
665 572 0.160863
680 572 0.168903
444 573 0.135221
447 573 0.217673
480 573 0.170433
489 573 0.113078
561 573 0.292763
641 573 0.0708308
430 574 0.125041
517 574 0.0311526
535 574 0.213541
537 574 0.153751
561 574 0.133009
567 574 0.108324
569 574 0.0348421
581 574 0.0147113
592 574 0.0794372
618 574 0.106192
398 575 0.334757
535 575 0.335153
561 575 0.33009
535 576 1
448 577 1
451 578 0.109297
535 578 0.262965
549 578 0.260487
567 578 0.180365
634 578 0.186885
498 579 1
561 580 0.501155
567 580 0.498845
480 581 0.194398
486 581 0.199594
503 581 0.243493
574 581 0.18851
585 581 0.174004
514 582 1
415 583 0.105592
447 583 0.117821
458 583 0.09351
481 583 0.133665
503 583 0.115952
510 583 0.0821417
522 583 0.085745
545 583 0.0581842
549 583 0.0626979
587 583 0.0511808
596 583 0.09351
415 584 0.518769
441 584 0.481231
272 585 0.254194
369 585 0.16841
397 585 0.120987
430 585 0.167006
530 585 0.0746012
561 585 0.0702794
569 585 0.110519
581 585 0.0340045
422 586 0.262116
549 586 0.370921
677 586 0.19222
750 586 0.174742
481 587 0.138771
514 587 0.022133
544 587 0.124429
545 587 0.0994665
546 587 0.0944184
561 587 0.0619433
567 587 0.0588589
583 587 0.0488448
596 587 0.0575513
605 587 0.0359696
608 587 0.0239782
616 587 0.0979585
650 587 0.00834203
652 587 0.0285479
659 587 0.0506217
660 587 0.00456966
671 587 0.0130803
680 587 0.0239782
707 587 0.00653785
561 588 1
315 589 1
430 590 0.509435
481 590 0.490565
481 591 0.284664
520 591 0.0397677
525 591 0.238616
535 591 0.29827
614 591 0.0530252
644 591 0.0856582
430 592 0.181287
447 592 0.106141
476 592 0.0226409
535 592 0.175544
537 592 0.160457
561 592 0.16376
574 592 0.12678
636 592 0.0316949
651 592 0.0316949
338 593 1
610 594 1
430 595 0.360829
528 595 0.198987
546 595 0.227932
548 595 0.0928609
550 595 0.119391
447 596 0.145495
458 596 0.0887685
481 596 0.144458
503 596 0.142688
510 596 0.0946864
545 596 0.0789046
583 596 0.167391
587 596 0.107943
652 596 0.0253618
675 596 0.0043035
379 597 0.557767
406 597 0.442233
665 598 0.731709
738 598 0.268291
561 599 1
535 600 0.224968
549 600 0.385971
690 600 0.194531
701 600 0.194531
432 601 0.171224
547 601 0.259305
553 601 0.120391
572 601 0.206385
626 601 0.122304
649 601 0.120391
616 602 1
320 603 0.311231
430 603 0.427337
567 603 0.261432
480 604 1
117 605 0.0291306
351 605 0.00694657
380 605 0.0409416
402 605 0.0303936
407 605 0.0535905
424 605 0.104211
430 605 0.151418
535 605 0.168987
551 605 0.033745
587 605 0.0549973
608 605 0.0815519
619 605 0.00992278
626 605 0.0463126
627 605 0.00365774
677 605 0.0263545
690 605 0.0648388
749 605 0.0599181
769 605 0.0330822
430 606 0.543033
621 606 0.456967
4 607 0.192619
131 607 0.259048
242 607 0.170732
556 607 0.238483
713 607 0.139118
379 608 0.0942466
424 608 0.135086
535 608 0.213764
547 608 0.150096
587 608 0.081481
605 608 0.181233
626 608 0.082339
629 608 0.0385955
639 608 0.0231587
342 609 0.0739875
550 609 0.110984
572 609 0.178368
616 609 0.239964
659 609 0.140578
680 609 0.256118
237 610 0.0220407
379 610 0.241072
544 610 0.228007
546 610 0.215615
547 610 0.123979
548 610 0.0688772
594 610 0.0122458
626 610 0.0881628
417 611 1
347 612 0.0490763
398 612 0.141845
430 612 0.308048
486 612 0.104695
544 612 0.0911861
546 612 0.117783
737 612 0.0860727
761 612 0.101293
254 613 0.234576
645 613 0.287891
757 613 0.175934
855 613 0.3016
379 614 0.501196
591 614 0.362764
655 614 0.13604
561 615 1
21 616 0.0113701
131 616 0.0233159
242 616 0.00562521
272 616 0.156731
380 616 0.0139918
514 616 0.0150006
521 616 0.00209734
527 616 0.0173145
545 616 0.0356207
546 616 0.0418158
549 616 0.148421
551 616 0.0403682
556 616 0.0388579
570 616 0.00562521
587 616 0.0432007
602 616 0.00107717
609 616 0.00866294
645 616 0.0341046
661 616 0.00209734
677 616 0.0139918
680 616 0.0259945
691 616 0.0215377
701 616 0.0166249
704 616 0.0118717
708 616 0.0470193
709 616 0.0226661
726 616 0.00209734
734 616 0.0109598
735 616 0.114305
749 616 0.0481933
750 616 0.0109598
770 616 0.00848057
674 617 1
390 618 0.0194009
397 618 0.053502
430 618 0.104945
470 618 0.0614371
535 618 0.240953
537 618 0.129637
542 618 0.0245201
544 618 0.0479322
561 618 0.110794
567 618 0.107851
574 618 0.099029
481 619 0.387232
544 619 0.378474
605 619 0.234293
398 620 1
430 621 0.277209
549 621 0.342986
561 621 0.189564
606 621 0.0713409
624 621 0.1189
665 622 1
522 623 0.29541
537 623 0.330801
633 623 0.16278
635 623 0.211008
366 624 0.102303
407 624 0.213507
534 624 0.0779482
549 624 0.378904
621 624 0.227338
379 625 0.253394
540 625 0.0275809
544 625 0.330964
545 625 0.213384
654 625 0.110323
674 625 0.0643534
402 626 0.119201
546 626 0.17165
601 626 0.0681132
605 626 0.238403
608 626 0.190722
610 626 0.127148
639 626 0.0529762
681 626 0.031787
605 627 1
544 628 0.309604
561 628 0.319928
660 628 0.120405
664 628 0.250063
254 629 0.182706
535 629 0.391518
608 629 0.308319
662 629 0.117457
514 630 1
537 631 1
635 632 1
112 633 0.391449
572 633 0.345395
623 633 0.263156
476 634 0.00385975
483 634 0.0259155
504 634 0.00486065
539 634 0.00972131
549 634 0.102523
551 634 0.0393407
563 634 0.03451
566 634 0.00515433
572 634 0.0132514
578 634 0.00592748
645 634 0.0408211
658 634 0.0247947
665 634 0.0742403
667 634 0.02362
676 634 0.00592748
680 634 0.0208271
689 634 0.0485945
697 634 0.000851064
701 634 0.0403177
704 634 0.00948157
705 634 0.00373989
706 634 0.029997
709 634 0.0289482
713 634 0.00486065
717 634 0.00664669
722 634 0.00694037
724 634 0.00592748
734 634 0.015427
735 634 0.168858
737 634 0.0422415
754 634 0.00166017
761 634 0.0753012
768 634 0.0377944
776 634 0.0197962
779 634 0.00592748
785 634 0.00883428
786 634 0.00255918
294 635 0.0727061
405 635 0.280421
481 635 0.380292
623 635 0.193876
632 635 0.0727061
112 636 0.124967
424 636 0.11634
592 636 0.0955612
646 636 0.0477849
659 636 0.129688
678 636 0.0588109
686 636 0.172012
696 636 0.235725
747 636 0.0191105
254 637 0.377683
550 637 0.236052
664 637 0.386266
351 638 0.0227778
535 638 0.139777
544 638 0.219649
546 638 0.209668
551 638 0.113645
644 638 0.0827916
659 638 0.211691
608 639 0.503106
626 639 0.496894
375 640 0.642859
888 640 0.357141
444 641 0.5
573 641 0.5
478 642 0.179075
768 642 0.429197
770 642 0.391728
691 643 0.548189
728 643 0.451811
539 644 0.0896439
546 644 0.249448
591 644 0.073557
638 644 0.128723
654 644 0.136605
667 644 0.16734
677 644 0.154683
527 645 0.0275901
544 645 0.0398003
554 645 0.0126915
613 645 0.00824073
616 645 0.0771569
634 645 0.117402
654 645 0.013948
665 645 0.0503663
689 645 0.0697361
696 645 0.0632904
706 645 0.0799922
708 645 0.099721
722 645 0.017738
735 645 0.206157
748 645 0.0101989
762 645 0.0875312
763 645 0.0101989
799 645 0.00824073
546 646 0.345325
547 646 0.352516
636 646 0.302159
788 647 1
668 648 0.444444
704 648 0.555556
535 649 0.323608
547 649 0.425595
601 649 0.250797
556 650 0.300815
587 650 0.310629
665 650 0.313352
673 650 0.0752038
344 651 0.0633301
470 651 0.139654
592 651 0.102904
659 651 0.217247
672 651 0.154361
693 651 0.0374164
716 651 0.0900402
762 651 0.131717
833 651 0.0633301
544 652 0.274931
546 652 0.204232
550 652 0.123717
587 652 0.269474
596 652 0.127646
422 653 0.173547
549 653 0.363831
670 653 0.0964148
696 653 0.261029
722 653 0.105179
369 654 0.133723
434 654 0.0547024
546 654 0.216627
556 654 0.133723
570 654 0.0859609
625 654 0.0859609
644 654 0.150436
645 654 0.138866
614 655 1
4 656 0.188903
379 656 0.282194
466 656 0.08264
678 656 0.132226
709 656 0.231398
733 656 0.08264
708 657 1
451 658 0.0400017
563 658 0.0742322
634 658 0.135129
659 658 0.0400017
678 658 0.0150698
689 658 0.176848
711 658 0.00842339
735 658 0.109928
777 658 0.0119291
790 658 0.0204545
817 658 0.0357927
840 658 0.07158
844 658 0.0390461
852 658 0.102262
855 658 0.119302
438 659 0.0278003
483 659 0.0397165
544 659 0.146321
546 659 0.108315
549 659 0.152754
551 659 0.0852497
587 659 0.0698686
609 659 0.0158841
636 659 0.0212731
638 659 0.0503625
651 659 0.033095
658 659 0.0292026
672 659 0.0305483
682 659 0.0180535
690 659 0.0597886
709 659 0.0597886
734 659 0.0423639
743 659 0.00330761
745 659 0.00630711
587 660 0.575756
628 660 0.424244
552 661 0.346938
616 661 0.653062
379 662 0.414937
412 662 0.327637
629 662 0.257426
671 663 1
254 664 0.146401
515 664 0.0195178
549 664 0.165418
563 664 0.186324
628 664 0.0600641
637 664 0.0798542
735 664 0.246871
757 664 0.0600641
812 664 0.0354868
112 665 0.0260352
483 665 0.0728475
524 665 0.0130771
551 665 0.0550393
572 665 0.0273157
598 665 0.00515038
622 665 0.00269701
634 665 0.240215
645 665 0.0566598
650 665 0.00944519
667 665 0.0639689
677 665 0.0429821
701 665 0.0495773
703 665 0.0115869
709 665 0.0495773
730 665 0.00269701
735 665 0.170971
753 665 0.00269701
761 665 0.079879
783 665 0.0175815
682 666 1
451 667 0.0454174
634 667 0.152017
644 667 0.041414
665 667 0.127229
669 667 0.0373665
677 667 0.0986041
680 667 0.0484047
716 667 0.0262952
719 667 0.0221869
735 667 0.192001
744 667 0.0175319
749 667 0.103679
801 667 0.0514473
818 667 0.0364057
648 668 0.3038
722 668 0.506323
727 668 0.189877
551 669 0.135079
667 669 0.201988
719 669 0.102798
737 669 0.217016
761 669 0.16037
770 669 0.18275
242 670 0.215604
413 670 0.11294
653 670 0.197638
692 670 0.230575
734 670 0.243243
430 671 0.253823
544 671 0.351706
587 671 0.341714
663 671 0.0527557
389 672 0.0561638
651 672 0.173763
659 672 0.225742
696 672 0.169323
701 672 0.131052
728 672 0.0792043
775 672 0.0961077
794 672 0.0686437
650 673 1
375 674 0.352939
617 674 0.176475
625 674 0.470586
596 675 1
634 676 0.315127
680 676 0.241745
690 676 0.171534
696 676 0.20508
721 676 0.066515
563 677 0.0768491
586 677 0.0234185
605 677 0.0545127
616 677 0.100374
644 677 0.054247
665 677 0.12114
667 677 0.139728
705 677 0.0188198
717 677 0.0376396
735 677 0.31472
752 677 0.058551
434 678 0.170725
636 678 0.275777
656 678 0.23901
658 678 0.314489
838 679 1
527 680 0.0567876
549 680 0.142319
572 680 0.0912632
587 680 0.0856304
609 680 0.0748833
616 680 0.210482
634 680 0.214395
667 680 0.077435
676 680 0.0468034
549 681 0.545855
626 681 0.454145
402 682 0.239092
544 682 0.420382
659 682 0.294985
666 682 0.0455413
689 683 1
402 684 1
737 685 1
412 686 0.040333
451 686 0.095784
563 686 0.117629
636 686 0.0680585
687 686 0.0144042
689 686 0.103709
696 686 0.202754
708 686 0.100829
742 686 0.0252089
750 686 0.0636785
828 686 0.109995
850 686 0.0576168
686 687 0.631578
883 687 0.368422
735 688 1
112 689 0.0263122
135 689 0.0111768
430 689 0.116415
549 689 0.053135
570 689 0.00603749
634 689 0.0697952
645 689 0.0348233
658 689 0.046605
683 689 0.00120605
686 689 0.0155229
708 689 0.087368
756 689 0.0208143
761 689 0.150637
762 689 0.0482891
768 689 0.0650072
772 689 0.0160952
806 689 0.0441096
816 689 0.00430991
817 689 0.0105647
821 689 0.0356672
831 689 0.0208143
844 689 0.0160952
852 689 0.0402415
855 689 0.0589588
272 690 0.161327
405 690 0.0443321
430 690 0.163036
549 690 0.249126
600 690 0.0254988
605 690 0.0866968
659 690 0.0885579
676 690 0.0190103
691 690 0.0347839
704 690 0.0342226
734 690 0.0412825
755 690 0.00481452
769 690 0.0424963
811 690 0.00481452
566 691 0.0338649
616 691 0.144
643 691 0.0128982
690 691 0.0501654
706 691 0.124838
735 691 0.240017
749 691 0.168583
751 691 0.00691134
783 691 0.0395814
789 691 0.00691134
794 691 0.0227653
803 691 0.1267
816 691 0.0227653
670 692 0.0900543
742 692 0.0785942
768 692 0.162098
824 692 0.0785942
831 692 0.115266
838 692 0.239618
852 692 0.235775
651 693 0.551019
742 693 0.448981
737 694 1
556 695 1
402 696 0.0100354
405 696 0.0123314
430 696 0.126066
468 696 0.00653823
476 696 0.00489607
512 696 0.0163532
549 696 0.0877036
563 696 0.0299618
566 696 0.0100354
636 696 0.0123314
645 696 0.0279167
653 696 0.00751897
672 696 0.0073061
676 696 0.00489607
686 696 0.0267992
709 696 0.0112823
713 696 0.00400657
719 696 0.00307905
735 696 0.151467
737 696 0.0624629
749 696 0.080253
757 696 0.00400657
762 696 0.0559627
768 696 0.047942
776 696 0.0308209
783 696 0.0123314
801 696 0.0286694
804 696 0.00474402
815 696 0.0215001
816 696 0.00400657
817 696 0.0100354
818 696 0.0154105
828 696 0.0328736
831 696 0.0073061
836 696 0.0131753
845 696 0.00307905
851 696 0.00489607
634 697 1
566 698 0.48276
699 698 0.172417
778 698 0.344823
698 699 1
722 700 1
424 701 0.0337018
468 701 0.0224679
469 701 0.0353862
483 701 0.0674036
549 701 0.199923
563 701 0.0725889
600 701 0.023789
616 701 0.0718953
634 701 0.221678
665 701 0.0842522
672 701 0.0245108
707 701 0.0118945
713 701 0.023789
737 701 0.10672
708 702 1
456 703 0.131177
483 703 0.421634
665 703 0.447189
549 704 0.266439
616 704 0.200833
634 704 0.203897
648 704 0.0282411
690 704 0.12486
709 704 0.17573
634 705 0.399076
677 705 0.220339
737 705 0.380585
112 706 0.0338145
430 706 0.122438
634 706 0.0596297
645 706 0.0552854
691 706 0.0291952
708 706 0.0724433
726 706 0.00316424
735 706 0.152454
761 706 0.152454
762 706 0.062881
780 706 0.053799
803 706 0.034187
821 706 0.0468126
838 706 0.0435126
841 706 0.00908195
844 706 0.0154696
851 706 0.00696202
855 706 0.0397845
859 706 0.00497436
876 706 0.00165696
587 707 0.413784
701 707 0.394567
718 707 0.191649
112 708 0.0451465
325 708 0.0127464
342 708 0.0058852
438 708 0.00922954
549 708 0.0546326
616 708 0.0734283
645 708 0.0688387
657 708 0.00166165
686 708 0.0208611
689 708 0.120766
702 708 0.00166165
706 708 0.0723513
723 708 0.00819469
735 708 0.144248
749 708 0.0902131
762 708 0.0764865
768 708 0.0617757
772 708 0.0218539
791 708 0.00166165
801 708 0.0254969
803 708 0.0350546
806 708 0.0478051
217 709 0.0190826
438 709 0.045077
483 709 0.111995
556 709 0.0710594
616 709 0.124887
634 709 0.20278
656 709 0.02576
659 709 0.105246
665 709 0.107325
696 709 0.0622904
704 709 0.0572418
720 709 0.00572177
723 709 0.02576
724 709 0.0357731
818 710 1
658 711 0.725808
712 711 0.274192
711 712 1
607 713 0.13614
634 713 0.340007
696 713 0.221143
701 713 0.30271
112 714 0.224669
242 714 0.158589
487 714 0.277534
770 714 0.193835
782 714 0.145374
735 715 0.544302
819 715 0.455698
146 716 0.0684528
370 716 0.0924097
651 716 0.173272
667 716 0.205369
723 716 0.142178
772 716 0.164291
775 716 0.154027
634 717 0.258321
677 717 0.160454
735 717 0.332619
768 717 0.248606
707 718 0.444444
723 718 0.555556
667 719 0.390334
669 719 0.334572
696 719 0.275094
709 720 1
676 721 0.436242
855 721 0.563758
438 722 0.135821
634 722 0.333313
645 722 0.296098
653 722 0.114656
668 722 0.0840774
700 722 0.0360343
521 723 0.0854912
708 723 0.268703
709 723 0.239382
716 723 0.184145
718 723 0.0854912
744 723 0.136788
634 724 0.362675
709 724 0.312574
790 724 0.146136
825 724 0.133959
835 724 0.0446554
549 725 1
616 726 0.508672
706 726 0.491328
668 727 1
643 728 0.110137
672 728 0.237205
760 728 0.144549
780 728 0.297858
790 728 0.210251
272 729 0.343405
418 729 0.18103
478 729 0.160917
499 729 0.211199
733 729 0.10345
665 730 1
749 731 1
739 732 1
656 733 0.512194
729 733 0.487806
551 734 0.201172
563 734 0.104135
616 734 0.128165
634 734 0.229347
659 734 0.158285
670 734 0.0400503
690 734 0.104135
786 734 0.0347103
272 735 0.039029
430 735 0.0916597
499 735 0.003971
536 735 0.003971
551 735 0.0267376
556 735 0.0132314
563 735 0.0233401
616 735 0.0442387
634 735 0.0830844
645 735 0.035269
658 735 0.00992552
664 735 0.00490302
665 735 0.0260007
667 735 0.0146812
677 735 0.0169833
688 735 0.000422193
691 735 0.0138925
696 735 0.0587525
706 735 0.0377385
708 735 0.035751
715 735 0.000824471
717 735 0.00420998
737 735 0.0287967
748 735 0.00185207
749 735 0.0655514
752 735 0.0131716
761 735 0.0953678
762 735 0.0362927
763 735 0.00185207
768 735 0.0389015
772 735 0.00605011
775 735 0.00689847
776 735 0.0195125
779 735 0.00402677
785 735 0.00444498
788 735 0.00120683
800 735 0.00689847
802 735 0.0208428
803 735 0.0195125
815 735 0.0144979
821 735 0.0138925
836 735 0.00514598
842 735 0.00666746
855 736 0.648649
877 736 0.351351
112 737 0.030102
430 737 0.146585
549 737 0.0953499
563 737 0.059839
612 737 0.0190684
634 737 0.104915
669 737 0.0154926
685 737 0.00206463
694 737 0.00206463
696 737 0.1223
701 737 0.0482048
705 737 0.00885515
735 737 0.14536
749 737 0.0898939
752 737 0.0190684
770 737 0.0221339
801 737 0.0306044
803 737 0.032465
826 737 0.0056326
598 738 1
732 739 0.0443211
762 739 0.319096
802 739 0.326349
806 739 0.210517
845 739 0.0997175
412 740 1
749 741 0.24969
761 741 0.342501
772 741 0.135283
776 741 0.214952
830 741 0.0366379
834 741 0.0209372
686 742 0.365312
692 742 0.30996
693 742 0.162364
884 742 0.162364
659 743 1
418 744 0.204919
563 744 0.286885
667 744 0.286885
723 744 0.221311
499 745 0.462265
659 745 0.537735
815 746 0.576923
826 746 0.423077
636 747 1
645 748 0.445053
735 748 0.472528
759 748 0.0824189
272 749 0.0538108
430 749 0.101929
605 749 0.0176888
616 749 0.0493238
667 749 0.0209644
691 749 0.025807
696 749 0.0823178
708 749 0.0591265
731 749 0.00109086
735 749 0.173347
737 749 0.0470969
741 749 0.0116469
761 749 0.108721
762 749 0.0431583
776 749 0.034787
790 749 0.00542116
800 749 0.0169837
801 749 0.038819
803 749 0.034787
805 749 0.00471601
806 749 0.0393072
815 749 0.0252676
824 749 0.0038813
254 750 0.0828649
272 750 0.231014
563 750 0.16573
586 750 0.055241
616 750 0.203974
686 750 0.157006
790 750 0.0710251
797 750 0.0331459
691 751 1
551 752 0.104436
677 752 0.0647607
735 752 0.27003
737 752 0.0774404
761 752 0.158221
762 752 0.10276
776 752 0.155423
828 752 0.0669282
665 753 1
634 754 0.513177
802 754 0.486823
690 755 1
430 756 0.221577
689 756 0.192364
757 756 0.0309908
806 756 0.141324
836 756 0.0581101
839 756 0.11622
840 756 0.0906518
855 756 0.148762
613 757 0.181068
664 757 0.250706
696 757 0.326805
756 757 0.241421
780 758 1
748 759 1
728 760 0.321103
783 760 0.385321
794 760 0.293576
430 761 0.147985
451 761 0.017866
494 761 0.000505687
536 761 0.010128
612 761 0.00532402
634 761 0.0443764
665 761 0.0145504
669 761 0.00271926
689 761 0.061813
706 761 0.0452017
735 761 0.114228
741 761 0.00723704
749 761 0.0492424
752 761 0.00924548
762 761 0.0307228
764 761 0.00798603
767 761 0.00394531
768 761 0.0416046
772 761 0.0113302
773 761 0.0014455
776 761 0.020342
780 761 0.0500391
784 761 0.0135867
799 761 0.00289577
800 761 0.00826273
801 761 0.00870163
806 761 0.0301122
815 761 0.00798603
818 761 0.0100469
821 761 0.0264913
822 761 0.00723704
826 761 0.0014455
831 761 0.00924548
832 761 0.00098752
838 761 0.0320252
840 761 0.01664
842 761 0.0199698
844 761 0.00924548
845 761 0.0014455
852 761 0.0307228
854 761 0.00616365
855 761 0.0560549
873 761 0.00289577
430 762 0.118897
566 762 0.0137232
645 762 0.0624631
651 762 0.0103511
689 762 0.0690072
696 762 0.0905421
706 762 0.0649266
708 762 0.0790708
735 762 0.151393
739 762 0.0107812
749 762 0.0680779
752 762 0.0209115
761 762 0.106993
768 762 0.0779115
802 762 0.0517554
814 762 0.00319504
645 763 0.382075
735 763 0.405661
783 763 0.212264
430 764 0.214397
761 764 0.197035
777 764 0.0468642
802 764 0.16496
827 764 0.0208262
838 764 0.21168
858 764 0.0859186
866 764 0.0114544
872 764 0.0468642
806 765 1
818 766 0.720001
843 766 0.279999
570 767 0.098838
761 767 0.314819
768 767 0.30081
821 767 0.285533
524 768 0.00781238
634 768 0.0722793
642 768 0.0068783
689 768 0.0865528
692 768 0.00879078
696 768 0.0722793
708 768 0.0595048
717 768 0.0122318
735 768 0.151197
761 768 0.135
762 768 0.0725932
767 768 0.0122318
770 768 0.0242494
780 768 0.0426986
795 768 0.00159866
802 768 0.0342106
806 768 0.0786001
821 768 0.0551704
828 768 0.0272215
836 768 0.0146501
839 768 0.0242494
272 769 0.257001
424 769 0.154808
569 769 0.14217
605 769 0.227471
690 769 0.21855
566 770 0.064706
616 770 0.119732
642 770 0.0589308
669 770 0.0942892
714 770 0.0523855
737 770 0.159954
768 770 0.227598
806 770 0.159954
812 770 0.0261888
837 770 0.0362621
325 771 0.233161
412 771 0.310878
563 771 0.362696
829 771 0.0932644
689 772 0.153135
708 772 0.150401
716 772 0.0446656
735 772 0.167981
741 772 0.0662614
761 772 0.262691
780 772 0.101693
839 772 0.0531722
761 773 0.490384
814 773 0.209844
824 773 0.299772
806 774 1
551 775 0.209888
672 775 0.0724312
716 775 0.067906
735 775 0.31063
776 775 0.186739
815 775 0.122227
877 775 0.0301789
551 776 0.105145
634 776 0.0835461
696 776 0.102534
735 776 0.167331
741 776 0.032514
749 776 0.112821
752 776 0.0650302
761 776 0.145641
775 776 0.0355631
801 776 0.0889088
828 776 0.0609662
658 777 0.244904
764 777 0.360673
838 777 0.394423
478 778 0.363637
698 778 0.318181
837 778 0.318181
634 779 0.23582
735 779 0.325693
780 779 0.134614
815 779 0.180905
818 779 0.122968
430 780 0.138188
536 780 0.0201457
706 780 0.0802302
728 780 0.0100297
758 780 0.00245304
761 780 0.251707
768 780 0.0661908
772 780 0.0220624
779 780 0.0100297
787 780 0.00464352
806 780 0.0493196
816 780 0.0084056
821 780 0.0661908
840 780 0.0531154
842 780 0.0431682
852 780 0.0882532
855 780 0.0858676
806 781 1
487 782 0.512195
714 782 0.487805
665 783 0.147258
691 783 0.126167
696 783 0.263346
760 783 0.0533841
763 783 0.0533841
790 783 0.0854087
804 783 0.0873496
806 783 0.144885
808 783 0.0388178
430 784 0.168855
451 784 0.166342
761 784 0.2397
837 784 0.0210096
844 784 0.0642715
855 784 0.176225
857 784 0.0700394
863 784 0.0642715
872 784 0.0210096
874 784 0.00827635
451 785 0.0934793
512 785 0.0822308
532 785 0.0147607
634 785 0.167554
735 785 0.171358
855 785 0.212538
863 785 0.15181
873 785 0.106269
634 786 0.522762
734 786 0.477238
780 787 0.498535
802 787 0.501465
647 788 0.125962
735 788 0.470971
828 788 0.403067
691 789 1
658 790 0.199082
724 790 0.12669
728 790 0.12669
749 790 0.221047
750 790 0.159266
783 790 0.167225
708 791 1
451 792 1
551 793 0.510731
818 793 0.489269
672 794 0.248928
691 794 0.285536
760 794 0.16003
802 794 0.305505
768 795 1
797 796 1
750 797 0.705884
796 797 0.294116
430 798 0.416547
852 798 0.377528
863 798 0.205925
645 799 0.190112
761 799 0.325805
828 799 0.174269
855 799 0.309814
344 800 0.050178
735 800 0.191281
749 800 0.178098
761 800 0.191281
802 800 0.0940833
806 800 0.216676
839 800 0.0784033
325 801 0.0279546
551 801 0.0594009
667 801 0.0553005
696 801 0.156347
708 801 0.0888303
737 801 0.0852417
749 801 0.206375
761 801 0.102131
776 801 0.145739
828 801 0.0726801
430 802 0.257232
735 802 0.19316
739 802 0.0245032
754 802 0.00718666
762 802 0.114999
764 802 0.0517491
768 802 0.081589
787 802 0.00718666
794 802 0.0130667
800 802 0.0314441
803 802 0.0423567
817 802 0.0201239
819 802 0.0344973
822 802 0.0281256
825 802 0.0245032
832 802 0.00718666
838 802 0.0539032
864 802 0.00718666
344 803 0.0167859
442 803 0.00968447
691 803 0.0974298
706 803 0.112415
708 803 0.115414
735 803 0.259182
737 803 0.0854359
749 803 0.17475
802 803 0.0607036
815 803 0.0629542
820 803 0.00524561
696 804 0.421326
783 804 0.363353
858 804 0.215321
749 805 0.43989
806 805 0.432604
830 805 0.127506
344 806 0.0164704
689 806 0.111483
708 806 0.0874003
739 806 0.0125808
749 806 0.109653
756 806 0.0386489
761 806 0.185477
765 806 0.00301756
768 806 0.149191
770 806 0.0323499
774 806 0.00301756
780 806 0.0603856
781 806 0.00301756
783 806 0.0194076
800 806 0.0576434
805 806 0.0129422
813 806 0.00301756
818 806 0.0362337
839 806 0.0580622
808 807 1
783 808 0.710528
807 808 0.289472
468 809 1
430 810 1
690 811 1
664 812 0.49541
770 812 0.50459
806 813 1
762 814 0.597015
773 814 0.402985
696 815 0.159873
735 815 0.277888
746 815 0.0135111
749 815 0.183143
761 815 0.127827
775 815 0.0520245
779 815 0.0428777
803 815 0.0908322
817 815 0.0520245
689 816 0.257106
691 816 0.229378
696 816 0.270694
780 816 0.242822
658 817 0.180445
689 817 0.202102
696 817 0.217375
802 817 0.121258
815 817 0.151574
827 817 0.0374248
858 817 0.0898218
512 818 0.112194
667 818 0.0743484
696 818 0.159658
710 818 0.0106212
761 818 0.224056
766 818 0.0197263
779 818 0.0406124
793 818 0.0197263
806 818 0.131174
819 818 0.0552352
847 818 0.0106212
855 818 0.142027
430 819 0.349558
451 819 0.160783
531 819 0.091674
715 819 0.0293357
802 819 0.158413
818 819 0.088007
846 819 0.0488908
858 819 0.0733392
803 820 1
135 821 0.0210246
430 821 0.178389
531 821 0.0210246
689 821 0.10398
706 821 0.0986023
735 821 0.11823
761 821 0.188199
767 821 0.0254173
768 821 0.120789
780 821 0.0934817
861 821 0.00635354
862 821 0.00635354
863 821 0.0181561
430 822 0.302929
536 822 0.0900886
761 822 0.240608
802 822 0.120862
839 822 0.102956
842 822 0.142557
844 823 0.705884
887 823 0.294116
451 824 0.301178
692 824 0.232003
749 824 0.310569
773 824 0.156251
430 825 0.380107
724 825 0.0775119
802 825 0.190257
839 825 0.166096
852 825 0.186028
737 826 0.392847
746 826 0.181952
761 826 0.425202
764 827 0.512657
817 827 0.487343
686 828 0.111201
696 828 0.251436
752 828 0.0643772
768 828 0.138106
776 828 0.140161
788 828 0.0203847
799 828 0.0254855
801 828 0.101936
839 828 0.0728112
846 828 0.0254855
848 828 0.00784074
850 828 0.0407755
771 829 1
741 830 0.555556
805 830 0.444444
135 831 0.0677745
689 831 0.224356
692 831 0.0506064
696 831 0.0891587
761 831 0.24286
839 831 0.0602445
842 831 0.0914966
855 831 0.173503
761 832 0.514969
802 832 0.485031
135 833 0.133625
272 833 0.349392
430 833 0.35047
651 833 0.166514
741 834 1
724 835 1
430 836 0.246113
696 836 0.23807
735 836 0.239784
756 836 0.100375
768 836 0.175657
770 837 0.377359
778 837 0.245281
784 837 0.377359
451 838 0.0829736
536 838 0.0338924
679 838 0.00412691
692 838 0.0338924
706 838 0.109174
761 838 0.271038
764 838 0.0726248
777 838 0.0175804
802 838 0.0589568
841 838 0.0222689
842 838 0.0726248
852 838 0.12288
853 838 0.0247489
854 838 0.0265157
857 838 0.0265157
859 838 0.0123744
860 838 0.00781211
430 839 0.230426
756 839 0.098496
768 839 0.142652
772 839 0.0437765
800 839 0.064638
806 839 0.179947
822 839 0.0590976
825 839 0.0527643
828 839 0.0844258
831 839 0.0437765
658 840 0.0812258
756 840 0.0422396
761 840 0.174642
780 840 0.110809
846 840 0.0165645
849 840 0.0132013
852 840 0.135161
854 840 0.0310562
855 840 0.291303
857 840 0.0310562
858 840 0.0422396
864 840 0.00938505
881 840 0.0211175
531 841 0.144332
569 841 0.185567
706 841 0.338862
838 841 0.331239
430 842 0.185493
735 842 0.0947304
761 842 0.236828
780 842 0.101772
822 842 0.0508399
831 842 0.0413079
838 842 0.101772
852 842 0.154213
853 842 0.0330448
766 843 1
658 844 0.137469
689 844 0.215064
706 844 0.149351
761 844 0.301036
784 844 0.118603
823 844 0.026883
868 844 0.0366577
878 844 0.0149362
696 845 0.372268
739 845 0.251533
761 845 0.376198
819 846 0.279949
828 846 0.314946
840 846 0.321119
880 846 0.0839856
818 847 1
828 848 1
451 849 0.448376
840 849 0.421829
886 849 0.129795
451 850 0.28515
686 850 0.377339
828 850 0.264138
869 850 0.0733731
696 851 0.231974
706 851 0.210658
852 851 0.315987
856 851 0.0438893
871 851 0.197492
430 852 0.159301
658 852 0.0585659
689 852 0.0874588
692 852 0.0208712
761 852 0.162722
780 852 0.0929267
798 852 0.0109323
825 852 0.0163968
838 852 0.0769042
840 852 0.0682178
842 852 0.0688755
851 852 0.0163968
853 852 0.0154347
855 852 0.123471
865 852 0.00771736
871 852 0.013808
838 853 0.339043
842 853 0.323088
852 853 0.337869
135 854 0.0746982
430 854 0.215639
761 854 0.356889
838 854 0.181408
840 854 0.171365
613 855 0.00727259
658 855 0.0530533
689 855 0.0994879
706 855 0.0485064
721 855 0.00391742
736 855 0.00391742
756 855 0.0271592
761 855 0.230517
780 855 0.0701958
784 855 0.0410688
785 855 0.0271592
799 855 0.0113184
818 855 0.0261936
831 855 0.0271592
840 855 0.114149
852 855 0.0958638
857 855 0.0188599
858 855 0.0197155
863 855 0.0351224
865 855 0.00611142
873 855 0.0203694
875 855 0.0020351
881 855 0.00881267
882 855 0.0020351
851 856 1
451 857 0.233263
784 857 0.207763
838 857 0.163984
840 857 0.154906
855 857 0.240083
764 858 0.170727
804 858 0.0551823
817 858 0.0944283
819 858 0.10117
840 858 0.197282
855 858 0.234974
868 858 0.0551823
872 858 0.0910533
706 859 0.502091
838 859 0.497909
838 860 0.573033
871 860 0.426967
821 861 0.590907
881 861 0.409093
451 862 0.510754
821 862 0.489246
536 863 0.0723243
784 863 0.136745
785 863 0.177113
798 863 0.0422651
821 863 0.0959365
855 863 0.32064
869 863 0.0309953
873 863 0.123981
802 864 0.509436
840 864 0.490564
852 865 0.49505
855 865 0.50495
764 866 1
430 867 1
430 868 0.400432
844 868 0.299784
858 868 0.299784
850 869 0.454547
863 869 0.545453
487 870 1
451 871 0.245856
851 871 0.27901
852 871 0.375929
860 871 0.0992054
764 872 0.383942
784 872 0.240648
858 872 0.375411
761 873 0.200247
785 873 0.228501
855 873 0.342751
863 873 0.228501
784 874 1
855 875 1
706 876 1
736 877 0.391304
775 877 0.608696
844 878 1
536 879 1
846 880 1
840 881 0.421446
855 881 0.448877
861 881 0.129677
855 882 1
687 883 0.5
884 883 0.5
742 884 0.57143
883 884 0.42857
451 885 1
849 886 1
823 887 1
640 888 1
